1557886967.008:1823505632,3455F4FE-FC2C-54AF-B3D5-CD22B5FF1D67:sshd,MMAP,07E87BAE-732D-D58F-383B-111629036544,/etc/shadow,ta1-trace-2
1557886967.004:1823505580,3455F4FE-FC2C-54AF-B3D5-CD22B5FF1D67:sshd,MMAP,07E87BAE-732D-D58F-383B-111629036544,/etc/shadow,ta1-trace-2
1557886966.900:1823505120,3455F4FE-FC2C-54AF-B3D5-CD22B5FF1D67:sshd,READ,573E5010-1713-BD2C-2998-A48580BDA4D4,/etc/hosts,ta1-trace-2
1557886966.900:1823505119,3455F4FE-FC2C-54AF-B3D5-CD22B5FF1D67:sshd,READ,573E5010-1713-BD2C-2998-A48580BDA4D4,/etc/hosts,ta1-trace-2
1557886966.796:1823504454,8B6F6F8D-44C2-8502-C837-ACE861E34ECC:sshd,EXECUTE,3455F4FE-FC2C-54AF-B3D5-CD22B5FF1D67,sshd,ta1-trace-2
1557886966.796:1823504429,DEF8FC47-7A9A-FBED-6B2A-08B2189BECCD:sshd,FORK,8B6F6F8D-44C2-8502-C837-ACE861E34ECC,sshd,ta1-trace-2
1557886940.612:1823438184,9E58B7B6-A80B-16A7-E618-D39D981DAE97:update-motd-fsc,EXECUTE,12827484-E9C9-15EA-B08D-71F46C69C272,cat,ta1-trace-2
1557886940.612:1823438182,E618BF46-3BA7-AA5B-44B3-ABE67F1D4970:update-motd-fsc,FORK,9E58B7B6-A80B-16A7-E618-D39D981DAE97,update-motd-fsc,ta1-trace-2
1557886940.608:1823437967,42CB56C1-8D96-0682-F9B1-1BF81CA81EE6:98-fsck-at-rebo,EXECUTE,E618BF46-3BA7-AA5B-44B3-ABE67F1D4970,update-motd-fsc,ta1-trace-2
1557886940.608:1823437945,E6BA9CB3-A413-CC07-FF5C-7B04C06CBC09:run-parts,EXECUTE,42CB56C1-8D96-0682-F9B1-1BF81CA81EE6,98-fsck-at-rebo,ta1-trace-2
1557886940.608:1823437944,C638A31E-4BA0-5216-B298-4CF3BB541C9F:run-parts,FORK,E6BA9CB3-A413-CC07-FF5C-7B04C06CBC09,run-parts,ta1-trace-2
1557886940.608:1823437895,79CCD233-DC6F-DF50-DDD1-AAED1AF8DE77:update-motd-hwe,EXECUTE,FDA31B4C-A27A-0730-C1C2-5F5DBDD17709,cat,ta1-trace-2
1557886940.608:1823437893,72565311-9C81-B099-89E0-BE4D0F6AC4F3:update-motd-hwe,FORK,79CCD233-DC6F-DF50-DDD1-AAED1AF8DE77,update-motd-hwe,ta1-trace-2
1557886940.584:1823436491,B0197FF2-6FAA-CDD1-0710-98E7DE65D25C:95-hwe-eol,EXECUTE,72565311-9C81-B099-89E0-BE4D0F6AC4F3,update-motd-hwe,ta1-trace-2
1557886940.584:1823436470,4369252F-3CF4-7523-71FF-6590DCE03DAF:run-parts,EXECUTE,B0197FF2-6FAA-CDD1-0710-98E7DE65D25C,95-hwe-eol,ta1-trace-2
1557886940.584:1823436469,C638A31E-4BA0-5216-B298-4CF3BB541C9F:run-parts,FORK,4369252F-3CF4-7523-71FF-6590DCE03DAF,run-parts,ta1-trace-2
1557886940.552:1823435743,8E807DCB-FCC4-3CED-7185-C48D40BE3EDF:update-motd-upd,EXECUTE,57C2EA4E-9F48-41DE-CDD0-B9A63459A90C,cat,ta1-trace-2
1557886940.552:1823435741,43A598FD-6E49-C8ED-1F06-79E8E84B4311:update-motd-upd,FORK,8E807DCB-FCC4-3CED-7185-C48D40BE3EDF,update-motd-upd,ta1-trace-2
1557886940.532:1823434681,BA0DC9E2-C1CC-C470-38A2-B18F6D98138E:90-updates-avai,EXECUTE,43A598FD-6E49-C8ED-1F06-79E8E84B4311,update-motd-upd,ta1-trace-2
1557886940.532:1823434660,3100B689-97EA-DDF6-2443-5B92D363464F:run-parts,EXECUTE,BA0DC9E2-C1CC-C470-38A2-B18F6D98138E,90-updates-avai,ta1-trace-2
1557886940.532:1823434659,C638A31E-4BA0-5216-B298-4CF3BB541C9F:run-parts,FORK,3100B689-97EA-DDF6-2443-5B92D363464F,run-parts,ta1-trace-2
1557886940.372:1823426341,2483B858-461E-F1B3-487E-C3003C127D9F:env,EXECUTE,C638A31E-4BA0-5216-B298-4CF3BB541C9F,run-parts,ta1-trace-2
1557886940.372:1823426295,280FFEF9-3DEE-F1C7-29B8-2F7FAB85FF7C:sh,EXECUTE,2483B858-461E-F1B3-487E-C3003C127D9F,env,ta1-trace-2
1557886940.372:1823426274,9E9495C8-A374-7759-06B3-EB9F7636DDA4:sh,FORK,280FFEF9-3DEE-F1C7-29B8-2F7FAB85FF7C,sh,ta1-trace-2
1557886940.372:1823426218,F3CA5502-4059-A77B-217A-8333A0215041:sshd,EXECUTE,9E9495C8-A374-7759-06B3-EB9F7636DDA4,sh,ta1-trace-2
1557886940.372:1823426190,0D21129E-A2BB-A7F4-3134-EACB7ACF7499:sshd,FORK,F3CA5502-4059-A77B-217A-8333A0215041,sshd,ta1-trace-2
1557886940.348:1823425977,CE88FDA7-D391-BC61-5136-0CCFD526A704:sshd,CHANGE_PRINCIPAL,0D21129E-A2BB-A7F4-3134-EACB7ACF7499,sshd,ta1-trace-2
1557886940.348:1823425976,D197A97F-1610-026D-74B2-BC28FAC1C7C8:sshd,CHANGE_PRINCIPAL,CE88FDA7-D391-BC61-5136-0CCFD526A704,sshd,ta1-trace-2
1557886940.348:1823425975,CE88FDA7-D391-BC61-5136-0CCFD526A704:sshd,CHANGE_PRINCIPAL,D197A97F-1610-026D-74B2-BC28FAC1C7C8,sshd,ta1-trace-2
1557886940.348:1823425974,0D21129E-A2BB-A7F4-3134-EACB7ACF7499:sshd,CHANGE_PRINCIPAL,CE88FDA7-D391-BC61-5136-0CCFD526A704,sshd,ta1-trace-2
1557886940.348:1823425912,0D21129E-A2BB-A7F4-3134-EACB7ACF7499:sshd,MMAP,07E87BAE-732D-D58F-383B-111629036544,/etc/shadow,ta1-trace-2
1557886940.336:1823425862,0D21129E-A2BB-A7F4-3134-EACB7ACF7499:sshd,MMAP,07E87BAE-732D-D58F-383B-111629036544,/etc/shadow,ta1-trace-2
1557886940.236:1823425380,0D21129E-A2BB-A7F4-3134-EACB7ACF7499:sshd,READ,573E5010-1713-BD2C-2998-A48580BDA4D4,/etc/hosts,ta1-trace-2
1557886940.236:1823425379,0D21129E-A2BB-A7F4-3134-EACB7ACF7499:sshd,READ,573E5010-1713-BD2C-2998-A48580BDA4D4,/etc/hosts,ta1-trace-2
1557886940.164:1823424767,72D1A68E-2BA3-FB9E-7EB0-6A663E429F02:sshd,EXECUTE,0D21129E-A2BB-A7F4-3134-EACB7ACF7499,sshd,ta1-trace-2
1557886940.164:1823424746,DEF8FC47-7A9A-FBED-6B2A-08B2189BECCD:sshd,FORK,72D1A68E-2BA3-FB9E-7EB0-6A663E429F02,sshd,ta1-trace-2
1557886890.307:1823301629,7C93C5BB-B64D-6BAD-BE5C-382767E9E85F:update-motd-fsc,EXECUTE,4E7F662A-5294-2620-DA00-C441A5F21728,cat,ta1-trace-2
1557886890.307:1823301627,9E927E59-C12C-5578-B673-56246B2F5D17:update-motd-fsc,FORK,7C93C5BB-B64D-6BAD-BE5C-382767E9E85F,update-motd-fsc,ta1-trace-2
1557886890.303:1823301412,5CA2895B-1EF4-9910-29D8-FE6834A89948:98-fsck-at-rebo,EXECUTE,9E927E59-C12C-5578-B673-56246B2F5D17,update-motd-fsc,ta1-trace-2
1557886890.303:1823301390,0156C4F2-BFAA-541F-746D-856F1186AFFD:run-parts,EXECUTE,5CA2895B-1EF4-9910-29D8-FE6834A89948,98-fsck-at-rebo,ta1-trace-2
1557886890.303:1823301387,AA8B723A-18E9-14B5-E434-33F0F2BC8B2D:run-parts,FORK,0156C4F2-BFAA-541F-746D-856F1186AFFD,run-parts,ta1-trace-2
1557886890.303:1823301327,CD4453DF-DA0D-A23B-DF0E-4E8AABEB2181:update-motd-hwe,EXECUTE,120A959B-88BC-2E54-5A6A-01F2EDDF7465,cat,ta1-trace-2
1557886890.303:1823301323,63062F54-3DBB-C48F-5919-54E2C93515FB:update-motd-hwe,FORK,CD4453DF-DA0D-A23B-DF0E-4E8AABEB2181,update-motd-hwe,ta1-trace-2
1557886890.279:1823299939,22321C1F-D926-3A88-ACBE-C4E96D3AE338:95-hwe-eol,EXECUTE,63062F54-3DBB-C48F-5919-54E2C93515FB,update-motd-hwe,ta1-trace-2
1557886890.279:1823299918,7F65C581-3FA1-3BC6-8D03-869268C67C2C:run-parts,EXECUTE,22321C1F-D926-3A88-ACBE-C4E96D3AE338,95-hwe-eol,ta1-trace-2
1557886890.279:1823299917,AA8B723A-18E9-14B5-E434-33F0F2BC8B2D:run-parts,FORK,7F65C581-3FA1-3BC6-8D03-869268C67C2C,run-parts,ta1-trace-2
1557886890.247:1823299192,C4A84CF9-A765-8C86-1680-944FC08F4741:update-motd-upd,EXECUTE,B21FAF78-5783-3D29-9082-5E7B8466731C,cat,ta1-trace-2
1557886890.247:1823299190,EFFE0373-48DD-E887-6485-F3EEE7E2E94D:update-motd-upd,FORK,C4A84CF9-A765-8C86-1680-944FC08F4741,update-motd-upd,ta1-trace-2
1557886890.231:1823298130,6BF3D9BE-977B-F966-7A51-81AECF33F750:90-updates-avai,EXECUTE,EFFE0373-48DD-E887-6485-F3EEE7E2E94D,update-motd-upd,ta1-trace-2
1557886890.231:1823298109,A35BE6AD-DA75-8A3F-9471-69B321B3FA6F:run-parts,EXECUTE,6BF3D9BE-977B-F966-7A51-81AECF33F750,90-updates-avai,ta1-trace-2
1557886890.231:1823298108,AA8B723A-18E9-14B5-E434-33F0F2BC8B2D:run-parts,FORK,A35BE6AD-DA75-8A3F-9471-69B321B3FA6F,run-parts,ta1-trace-2
1557886890.083:1823289803,4588956F-0360-C6BB-124C-A5C7894C31C2:env,EXECUTE,AA8B723A-18E9-14B5-E434-33F0F2BC8B2D,run-parts,ta1-trace-2
1557886890.083:1823289777,1E32A82C-EF86-AEB9-CA6F-B8AE9D828343:sh,EXECUTE,4588956F-0360-C6BB-124C-A5C7894C31C2,env,ta1-trace-2
1557886890.083:1823289775,93DF1184-F682-85F7-9159-CED9D7E0A7CD:sh,FORK,1E32A82C-EF86-AEB9-CA6F-B8AE9D828343,sh,ta1-trace-2
1557886890.083:1823289736,E895D33A-3363-7360-6E1B-6A0E80FA0FE1:sshd,EXECUTE,93DF1184-F682-85F7-9159-CED9D7E0A7CD,sh,ta1-trace-2
1557886890.083:1823289721,FA3926AB-CE48-861B-BF8A-5D967572B9F7:sshd,FORK,E895D33A-3363-7360-6E1B-6A0E80FA0FE1,sshd,ta1-trace-2
1557886890.055:1823289422,E76A1317-1F78-4899-CFCC-6647B79605B8:sshd,CHANGE_PRINCIPAL,FA3926AB-CE48-861B-BF8A-5D967572B9F7,sshd,ta1-trace-2
1557886890.055:1823289421,22499A62-C7EF-5602-5899-9F6B708DACCD:sshd,CHANGE_PRINCIPAL,E76A1317-1F78-4899-CFCC-6647B79605B8,sshd,ta1-trace-2
1557886890.055:1823289420,E76A1317-1F78-4899-CFCC-6647B79605B8:sshd,CHANGE_PRINCIPAL,22499A62-C7EF-5602-5899-9F6B708DACCD,sshd,ta1-trace-2
1557886890.055:1823289419,FA3926AB-CE48-861B-BF8A-5D967572B9F7:sshd,CHANGE_PRINCIPAL,E76A1317-1F78-4899-CFCC-6647B79605B8,sshd,ta1-trace-2
1557886890.055:1823289363,FA3926AB-CE48-861B-BF8A-5D967572B9F7:sshd,MMAP,07E87BAE-732D-D58F-383B-111629036544,/etc/shadow,ta1-trace-2
1557886890.047:1823289333,FA3926AB-CE48-861B-BF8A-5D967572B9F7:sshd,MMAP,07E87BAE-732D-D58F-383B-111629036544,/etc/shadow,ta1-trace-2
1557886889.943:1823288833,FA3926AB-CE48-861B-BF8A-5D967572B9F7:sshd,READ,573E5010-1713-BD2C-2998-A48580BDA4D4,/etc/hosts,ta1-trace-2
1557886889.943:1823288832,FA3926AB-CE48-861B-BF8A-5D967572B9F7:sshd,READ,573E5010-1713-BD2C-2998-A48580BDA4D4,/etc/hosts,ta1-trace-2
1557886889.875:1823288238,3667E146-4734-86E4-C2EC-6D8F64E1E87E:sshd,EXECUTE,FA3926AB-CE48-861B-BF8A-5D967572B9F7,sshd,ta1-trace-2
1557886889.875:1823288217,DEF8FC47-7A9A-FBED-6B2A-08B2189BECCD:sshd,FORK,3667E146-4734-86E4-C2EC-6D8F64E1E87E,sshd,ta1-trace-2
1557886873.007:1823245292,DDA174E2-8165-6552-6DCD-706E44009F0E:update-motd-fsc,EXECUTE,D254BE9D-741F-D449-29C8-C790EEB29CAD,cat,ta1-trace-2
1557886873.007:1823245290,7899C134-060E-7134-3026-5DBC73CAA41F:update-motd-fsc,FORK,DDA174E2-8165-6552-6DCD-706E44009F0E,update-motd-fsc,ta1-trace-2
1557886873.003:1823245075,F2BABA7C-1139-C11A-2EB7-5238F725AB74:98-fsck-at-rebo,EXECUTE,7899C134-060E-7134-3026-5DBC73CAA41F,update-motd-fsc,ta1-trace-2
1557886873.003:1823245053,F7B5F2B0-C741-C850-2B9C-16B798A752E7:run-parts,EXECUTE,F2BABA7C-1139-C11A-2EB7-5238F725AB74,98-fsck-at-rebo,ta1-trace-2
1557886873.003:1823245052,F0722945-50A8-B4BB-835E-8A022ED56C8C:run-parts,FORK,F7B5F2B0-C741-C850-2B9C-16B798A752E7,run-parts,ta1-trace-2
1557886873.003:1823245003,4B901E5D-8769-D4EE-5A94-A2900A5C2793:update-motd-hwe,EXECUTE,17F0E76E-B256-E07A-B9E7-E3D3CD33E77E,cat,ta1-trace-2
1557886873.003:1823245001,2B6799E7-954E-440B-DBBA-EC5B5B61435C:update-motd-hwe,FORK,4B901E5D-8769-D4EE-5A94-A2900A5C2793,update-motd-hwe,ta1-trace-2
1557886872.979:1823243598,E9F71AF1-7296-E4D4-DCF5-B43CC9CC5B24:95-hwe-eol,EXECUTE,2B6799E7-954E-440B-DBBA-EC5B5B61435C,update-motd-hwe,ta1-trace-2
1557886872.979:1823243577,3584ED71-FBB8-3BB5-88FA-57D55CFB5388:run-parts,EXECUTE,E9F71AF1-7296-E4D4-DCF5-B43CC9CC5B24,95-hwe-eol,ta1-trace-2
1557886872.979:1823243576,F0722945-50A8-B4BB-835E-8A022ED56C8C:run-parts,FORK,3584ED71-FBB8-3BB5-88FA-57D55CFB5388,run-parts,ta1-trace-2
1557886872.947:1823242875,06061A22-885F-D534-A0F3-AB4C29B7774A:update-motd-upd,EXECUTE,0D356432-8FDF-C1DF-135B-BE31D0C9C045,cat,ta1-trace-2
1557886872.943:1823242870,F09D64CF-918E-79BC-7F8A-F6FEC4DCEAF7:update-motd-upd,FORK,06061A22-885F-D534-A0F3-AB4C29B7774A,update-motd-upd,ta1-trace-2
1557886872.923:1823241784,C6CE76B9-9E18-70F5-3E71-279AE81AA0CE:90-updates-avai,EXECUTE,F09D64CF-918E-79BC-7F8A-F6FEC4DCEAF7,update-motd-upd,ta1-trace-2
1557886872.923:1823241763,7BCDBDC2-D215-CF68-684B-F0116BC8C0C2:run-parts,EXECUTE,C6CE76B9-9E18-70F5-3E71-279AE81AA0CE,90-updates-avai,ta1-trace-2
1557886872.923:1823241762,F0722945-50A8-B4BB-835E-8A022ED56C8C:run-parts,FORK,7BCDBDC2-D215-CF68-684B-F0116BC8C0C2,run-parts,ta1-trace-2
1557886872.775:1823233559,0A1221C8-AAA4-33D8-0029-79F4704AEFD9:env,EXECUTE,F0722945-50A8-B4BB-835E-8A022ED56C8C,run-parts,ta1-trace-2
1557886872.775:1823233538,227CCA94-63EB-F47F-3AC0-12D9F1F371A5:sh,EXECUTE,0A1221C8-AAA4-33D8-0029-79F4704AEFD9,env,ta1-trace-2
1557886872.775:1823233533,4780777B-B927-8846-3F63-3BC42F3E3246:sh,FORK,227CCA94-63EB-F47F-3AC0-12D9F1F371A5,sh,ta1-trace-2
1557886872.775:1823233492,9DC7DCAF-A6C0-9713-62AB-20A092A70246:sshd,EXECUTE,4780777B-B927-8846-3F63-3BC42F3E3246,sh,ta1-trace-2
1557886872.775:1823233470,51699476-9925-B5C2-34E2-4155037F4B3D:sshd,FORK,9DC7DCAF-A6C0-9713-62AB-20A092A70246,sshd,ta1-trace-2
1557886872.755:1823232979,E02441FD-D6D4-AF16-1203-69E0E5C12CE9:sshd,CHANGE_PRINCIPAL,51699476-9925-B5C2-34E2-4155037F4B3D,sshd,ta1-trace-2
1557886872.755:1823232978,F8B2B777-9CA4-E874-F20A-DC141387C54E:sshd,CHANGE_PRINCIPAL,E02441FD-D6D4-AF16-1203-69E0E5C12CE9,sshd,ta1-trace-2
1557886872.755:1823232977,E02441FD-D6D4-AF16-1203-69E0E5C12CE9:sshd,CHANGE_PRINCIPAL,F8B2B777-9CA4-E874-F20A-DC141387C54E,sshd,ta1-trace-2
1557886872.755:1823232976,51699476-9925-B5C2-34E2-4155037F4B3D:sshd,CHANGE_PRINCIPAL,E02441FD-D6D4-AF16-1203-69E0E5C12CE9,sshd,ta1-trace-2
1557886872.755:1823232920,51699476-9925-B5C2-34E2-4155037F4B3D:sshd,MMAP,07E87BAE-732D-D58F-383B-111629036544,/etc/shadow,ta1-trace-2
1557886872.751:1823232892,51699476-9925-B5C2-34E2-4155037F4B3D:sshd,MMAP,07E87BAE-732D-D58F-383B-111629036544,/etc/shadow,ta1-trace-2
1557886872.647:1823232410,51699476-9925-B5C2-34E2-4155037F4B3D:sshd,READ,573E5010-1713-BD2C-2998-A48580BDA4D4,/etc/hosts,ta1-trace-2
1557886872.647:1823232409,51699476-9925-B5C2-34E2-4155037F4B3D:sshd,READ,573E5010-1713-BD2C-2998-A48580BDA4D4,/etc/hosts,ta1-trace-2
1557886872.543:1823231012,54CE0130-52A2-6CD2-07BB-5D9E33855A1E:sshd,EXECUTE,51699476-9925-B5C2-34E2-4155037F4B3D,sshd,ta1-trace-2
1557886872.543:1823230991,DEF8FC47-7A9A-FBED-6B2A-08B2189BECCD:sshd,FORK,54CE0130-52A2-6CD2-07BB-5D9E33855A1E,sshd,ta1-trace-2
1557886795.474:1823051430,5707F2E5-C3B7-B193-3FEC-B3F5AFF336BB:sshd,READ,573E5010-1713-BD2C-2998-A48580BDA4D4,/etc/hosts,ta1-trace-2
1557886795.474:1823051426,5707F2E5-C3B7-B193-3FEC-B3F5AFF336BB:sshd,READ,573E5010-1713-BD2C-2998-A48580BDA4D4,/etc/hosts,ta1-trace-2
1557886795.470:1823051400,5707F2E5-C3B7-B193-3FEC-B3F5AFF336BB:sshd,READ,573E5010-1713-BD2C-2998-A48580BDA4D4,/etc/hosts,ta1-trace-2
1557886795.470:1823051395,5707F2E5-C3B7-B193-3FEC-B3F5AFF336BB:sshd,READ,573E5010-1713-BD2C-2998-A48580BDA4D4,/etc/hosts,ta1-trace-2
1557886795.470:1823051308,A936DC0E-F575-8D94-F4C3-109AEB9D54EE:sshd,CHANGE_PRINCIPAL,5707F2E5-C3B7-B193-3FEC-B3F5AFF336BB,sshd,ta1-trace-2
1557886795.470:1823051307,A936DC0E-F575-8D94-F4C3-109AEB9D54EE:sshd,CHANGE_PRINCIPAL,A936DC0E-F575-8D94-F4C3-109AEB9D54EE,sshd,ta1-trace-2
1557886795.470:1823051306,5707F2E5-C3B7-B193-3FEC-B3F5AFF336BB:sshd,CHANGE_PRINCIPAL,A936DC0E-F575-8D94-F4C3-109AEB9D54EE,sshd,ta1-trace-2
1557886780.758:1823015450,873D4052-70C9-3156-17D5-55C28346CDF6:bash,EXECUTE,0D73D430-022F-2B6A-BE51-DB345DC7C033,b'cat /etc/passwd',ta1-trace-2
1557886780.758:1823015442,920681A8-67E6-6F8A-2F27-3898A27005AB:bash,FORK,873D4052-70C9-3156-17D5-55C28346CDF6,bash,ta1-trace-2
1557886778.094:1823001591,CAA43F56-F688-CBCA-88D4-F2F8DFFC9664:sshd,EXECUTE,920681A8-67E6-6F8A-2F27-3898A27005AB,bash,ta1-trace-2
1557886778.094:1823001486,4B5E8298-63D0-9F11-8165-BAD4DD976E54:sshd,FORK,CAA43F56-F688-CBCA-88D4-F2F8DFFC9664,sshd,ta1-trace-2
1557886778.094:1823001469,5707F2E5-C3B7-B193-3FEC-B3F5AFF336BB:sshd,READ,573E5010-1713-BD2C-2998-A48580BDA4D4,/etc/hosts,ta1-trace-2
1557886778.094:1823001468,5707F2E5-C3B7-B193-3FEC-B3F5AFF336BB:sshd,READ,573E5010-1713-BD2C-2998-A48580BDA4D4,/etc/hosts,ta1-trace-2
1557886777.834:1823000813,7AAE5607-522A-9BAE-F0BD-ADA61D5B3A96:sshd,CHANGE_PRINCIPAL,4B5E8298-63D0-9F11-8165-BAD4DD976E54,sshd,ta1-trace-2
1557886777.834:1823000802,7AAE5607-522A-9BAE-F0BD-ADA61D5B3A96:sshd,READ,573E5010-1713-BD2C-2998-A48580BDA4D4,/etc/hosts,ta1-trace-2
1557886777.834:1823000801,7AAE5607-522A-9BAE-F0BD-ADA61D5B3A96:sshd,READ,573E5010-1713-BD2C-2998-A48580BDA4D4,/etc/hosts,ta1-trace-2
1557886777.834:1823000786,427CB64D-8D19-E233-BAC4-F1D587631012:sshd,CHANGE_PRINCIPAL,7AAE5607-522A-9BAE-F0BD-ADA61D5B3A96,sshd,ta1-trace-2
1557886777.834:1823000783,5707F2E5-C3B7-B193-3FEC-B3F5AFF336BB:sshd,FORK,427CB64D-8D19-E233-BAC4-F1D587631012,sshd,ta1-trace-2
1557886777.834:1823000776,5707F2E5-C3B7-B193-3FEC-B3F5AFF336BB:sshd,READ,573E5010-1713-BD2C-2998-A48580BDA4D4,/etc/hosts,ta1-trace-2
1557886777.834:1823000775,5707F2E5-C3B7-B193-3FEC-B3F5AFF336BB:sshd,READ,573E5010-1713-BD2C-2998-A48580BDA4D4,/etc/hosts,ta1-trace-2
1557886777.834:1823000651,6051D715-6102-337E-5914-39C2537C00AE:update-motd-fsc,EXECUTE,838BDE8F-D802-E689-561F-791677E61F41,cat,ta1-trace-2
1557886777.830:1823000649,B4945271-BFC0-F9C3-EF6E-E57449B8A117:update-motd-fsc,FORK,6051D715-6102-337E-5914-39C2537C00AE,update-motd-fsc,ta1-trace-2
1557886777.830:1823000434,273D47D2-AA04-DA5B-0282-DD0A46FFCC4E:98-fsck-at-rebo,EXECUTE,B4945271-BFC0-F9C3-EF6E-E57449B8A117,update-motd-fsc,ta1-trace-2
1557886777.830:1823000412,692B71A3-267C-00B7-8001-DEB6CD0FE0FB:run-parts,EXECUTE,273D47D2-AA04-DA5B-0282-DD0A46FFCC4E,98-fsck-at-rebo,ta1-trace-2
1557886777.830:1823000411,5114D3DE-98FF-D8EA-A69D-A4BCAB577767:run-parts,FORK,692B71A3-267C-00B7-8001-DEB6CD0FE0FB,run-parts,ta1-trace-2
1557886777.826:1823000362,3317F6A6-685B-EF23-AC45-B2AB2EA59798:update-motd-hwe,EXECUTE,2BBFE208-0EEA-A927-B071-B932D066DDC1,cat,ta1-trace-2
1557886777.826:1823000360,FDCA737E-3C5A-0D6C-CDB3-3397E35742D4:update-motd-hwe,FORK,3317F6A6-685B-EF23-AC45-B2AB2EA59798,update-motd-hwe,ta1-trace-2
1557886777.802:1822998960,2AC4670F-4BE4-5A18-A7ED-50E0E68769B4:95-hwe-eol,EXECUTE,FDCA737E-3C5A-0D6C-CDB3-3397E35742D4,update-motd-hwe,ta1-trace-2
1557886777.802:1822998939,363CEEEA-8E90-60B5-362D-864A686A76FD:run-parts,EXECUTE,2AC4670F-4BE4-5A18-A7ED-50E0E68769B4,95-hwe-eol,ta1-trace-2
1557886777.802:1822998938,5114D3DE-98FF-D8EA-A69D-A4BCAB577767:run-parts,FORK,363CEEEA-8E90-60B5-362D-864A686A76FD,run-parts,ta1-trace-2
1557886777.770:1822998212,63BB4DCE-8D66-C115-7CFF-A1293D449C5B:update-motd-upd,EXECUTE,C696CC69-8BF2-7692-29FF-C6C08EB61842,cat,ta1-trace-2
1557886777.770:1822998210,4F1A0654-7B9A-E296-2BF5-5C6E86FD4A21:update-motd-upd,FORK,63BB4DCE-8D66-C115-7CFF-A1293D449C5B,update-motd-upd,ta1-trace-2
1557886777.754:1822997149,1163EBF0-F4C3-E963-19E1-60DAFA24F1F8:90-updates-avai,EXECUTE,4F1A0654-7B9A-E296-2BF5-5C6E86FD4A21,update-motd-upd,ta1-trace-2
1557886777.754:1822997128,7058C09B-15B7-70C1-0B0E-297B8A29C0D9:run-parts,EXECUTE,1163EBF0-F4C3-E963-19E1-60DAFA24F1F8,90-updates-avai,ta1-trace-2
1557886777.754:1822997127,5114D3DE-98FF-D8EA-A69D-A4BCAB577767:run-parts,FORK,7058C09B-15B7-70C1-0B0E-297B8A29C0D9,run-parts,ta1-trace-2
1557886777.598:1822988847,C8214470-5601-AD54-313D-44A143FC2896:env,EXECUTE,5114D3DE-98FF-D8EA-A69D-A4BCAB577767,run-parts,ta1-trace-2
1557886777.598:1822988819,EC500F89-0E1C-1974-9759-3D46BCC9FD3E:sh,EXECUTE,C8214470-5601-AD54-313D-44A143FC2896,env,ta1-trace-2
1557886777.598:1822988810,22049D68-EA43-BEBF-E815-01D2BE1F907F:sh,FORK,EC500F89-0E1C-1974-9759-3D46BCC9FD3E,sh,ta1-trace-2
1557886777.598:1822988758,BA28B3D9-D410-6A43-DF22-6134F96FA0C6:sshd,EXECUTE,22049D68-EA43-BEBF-E815-01D2BE1F907F,sh,ta1-trace-2
1557886777.598:1822988747,5707F2E5-C3B7-B193-3FEC-B3F5AFF336BB:sshd,FORK,BA28B3D9-D410-6A43-DF22-6134F96FA0C6,sshd,ta1-trace-2
1557886777.578:1822988492,F7F7F7F2-8BC1-7C10-94AB-C9450F3CA40C:sshd,CHANGE_PRINCIPAL,5707F2E5-C3B7-B193-3FEC-B3F5AFF336BB,sshd,ta1-trace-2
1557886777.578:1822988491,72B48CCA-0CF7-90D0-3AE1-1CAEAEA09154:sshd,CHANGE_PRINCIPAL,F7F7F7F2-8BC1-7C10-94AB-C9450F3CA40C,sshd,ta1-trace-2
1557886777.578:1822988490,F7F7F7F2-8BC1-7C10-94AB-C9450F3CA40C:sshd,CHANGE_PRINCIPAL,72B48CCA-0CF7-90D0-3AE1-1CAEAEA09154,sshd,ta1-trace-2
1557886777.578:1822988489,5707F2E5-C3B7-B193-3FEC-B3F5AFF336BB:sshd,CHANGE_PRINCIPAL,F7F7F7F2-8BC1-7C10-94AB-C9450F3CA40C,sshd,ta1-trace-2
1557886777.578:1822988468,5707F2E5-C3B7-B193-3FEC-B3F5AFF336BB:sshd,READ,573E5010-1713-BD2C-2998-A48580BDA4D4,/etc/hosts,ta1-trace-2
1557886777.578:1822988467,5707F2E5-C3B7-B193-3FEC-B3F5AFF336BB:sshd,READ,573E5010-1713-BD2C-2998-A48580BDA4D4,/etc/hosts,ta1-trace-2
1557886777.578:1822988430,5707F2E5-C3B7-B193-3FEC-B3F5AFF336BB:sshd,READ,573E5010-1713-BD2C-2998-A48580BDA4D4,/etc/hosts,ta1-trace-2
1557886777.578:1822988429,5707F2E5-C3B7-B193-3FEC-B3F5AFF336BB:sshd,READ,573E5010-1713-BD2C-2998-A48580BDA4D4,/etc/hosts,ta1-trace-2
1557886777.578:1822988423,5707F2E5-C3B7-B193-3FEC-B3F5AFF336BB:sshd,MMAP,07E87BAE-732D-D58F-383B-111629036544,/etc/shadow,ta1-trace-2
1557886777.578:1822988402,5707F2E5-C3B7-B193-3FEC-B3F5AFF336BB:sshd,READ,573E5010-1713-BD2C-2998-A48580BDA4D4,/etc/hosts,ta1-trace-2
1557886777.578:1822988401,5707F2E5-C3B7-B193-3FEC-B3F5AFF336BB:sshd,READ,573E5010-1713-BD2C-2998-A48580BDA4D4,/etc/hosts,ta1-trace-2
1557886777.570:1822988363,5707F2E5-C3B7-B193-3FEC-B3F5AFF336BB:sshd,MMAP,07E87BAE-732D-D58F-383B-111629036544,/etc/shadow,ta1-trace-2
1557886777.462:1822987914,5707F2E5-C3B7-B193-3FEC-B3F5AFF336BB:sshd,READ,573E5010-1713-BD2C-2998-A48580BDA4D4,/etc/hosts,ta1-trace-2
1557886777.462:1822987913,5707F2E5-C3B7-B193-3FEC-B3F5AFF336BB:sshd,READ,573E5010-1713-BD2C-2998-A48580BDA4D4,/etc/hosts,ta1-trace-2
1557886777.462:1822987904,5707F2E5-C3B7-B193-3FEC-B3F5AFF336BB:sshd,READ,573E5010-1713-BD2C-2998-A48580BDA4D4,/etc/hosts,ta1-trace-2
1557886776.950:1822986478,2464D95E-0B95-6717-0543-DE203481EC47:sshd,EXECUTE,5707F2E5-C3B7-B193-3FEC-B3F5AFF336BB,sshd,ta1-trace-2
1557886776.950:1822986457,DEF8FC47-7A9A-FBED-6B2A-08B2189BECCD:sshd,FORK,2464D95E-0B95-6717-0543-DE203481EC47,sshd,ta1-trace-2
1557886732.834:1822878348,9440CC0D-A8AF-9C24-0EB7-23D4A748ECC7:update-motd-fsc,EXECUTE,B41B96C3-24C7-63E1-0BCC-2C3C2D688AE2,cat,ta1-trace-2
1557886732.834:1822878344,5A9D24E2-49E0-080E-4C78-D9BD273DE8D3:update-motd-fsc,FORK,9440CC0D-A8AF-9C24-0EB7-23D4A748ECC7,update-motd-fsc,ta1-trace-2
1557886732.830:1822878114,62ED9E32-7628-CE40-1C01-9E64D7D85B0E:98-fsck-at-rebo,EXECUTE,5A9D24E2-49E0-080E-4C78-D9BD273DE8D3,update-motd-fsc,ta1-trace-2
1557886732.830:1822878092,B9287C13-FD42-5B68-6DF5-8BBFABED2A86:run-parts,EXECUTE,62ED9E32-7628-CE40-1C01-9E64D7D85B0E,98-fsck-at-rebo,ta1-trace-2
1557886732.830:1822878091,C961CE05-60C6-9F29-220D-6AB808553784:run-parts,FORK,B9287C13-FD42-5B68-6DF5-8BBFABED2A86,run-parts,ta1-trace-2
1557886732.830:1822878042,A449EA17-1D5B-0A1F-AD6E-C892BAF77486:update-motd-hwe,EXECUTE,CD4E2CDE-59F8-FEA5-1B50-8EC08241DDF7,cat,ta1-trace-2
1557886732.830:1822878040,E49A3F20-7963-B364-86A7-570E931CF719:update-motd-hwe,FORK,A449EA17-1D5B-0A1F-AD6E-C892BAF77486,update-motd-hwe,ta1-trace-2
1557886732.810:1822876669,CD7110AC-1252-4D5C-BCE6-529D8E05CF21:95-hwe-eol,EXECUTE,E49A3F20-7963-B364-86A7-570E931CF719,update-motd-hwe,ta1-trace-2
1557886732.806:1822876648,6E9AB490-9A37-39D7-AFF1-7DF941DD6385:run-parts,EXECUTE,CD7110AC-1252-4D5C-BCE6-529D8E05CF21,95-hwe-eol,ta1-trace-2
1557886732.806:1822876647,C961CE05-60C6-9F29-220D-6AB808553784:run-parts,FORK,6E9AB490-9A37-39D7-AFF1-7DF941DD6385,run-parts,ta1-trace-2
1557886732.778:1822875922,EED69F7E-7831-832E-C5E3-0D3072E58253:update-motd-upd,EXECUTE,E91D53AD-E680-1206-32D3-64A38AEA1914,cat,ta1-trace-2
1557886732.778:1822875920,5CDBC733-8464-6DE3-A9F4-1E3BA62F8735:update-motd-upd,FORK,EED69F7E-7831-832E-C5E3-0D3072E58253,update-motd-upd,ta1-trace-2
1557886732.762:1822874860,31A37D63-C1E7-7621-F9D6-99CC5CE30809:90-updates-avai,EXECUTE,5CDBC733-8464-6DE3-A9F4-1E3BA62F8735,update-motd-upd,ta1-trace-2
1557886732.762:1822874839,D29B5028-20B0-B88A-B6DE-684E35D2361A:run-parts,EXECUTE,31A37D63-C1E7-7621-F9D6-99CC5CE30809,90-updates-avai,ta1-trace-2
1557886732.762:1822874838,C961CE05-60C6-9F29-220D-6AB808553784:run-parts,FORK,D29B5028-20B0-B88A-B6DE-684E35D2361A,run-parts,ta1-trace-2
1557886732.618:1822865210,155A83C9-DB28-C602-FABD-008BA30283D4:env,EXECUTE,C961CE05-60C6-9F29-220D-6AB808553784,run-parts,ta1-trace-2
1557886732.618:1822865171,F47FCCC6-4BB2-3209-0551-F5B2CB829D31:sh,EXECUTE,155A83C9-DB28-C602-FABD-008BA30283D4,env,ta1-trace-2
1557886732.614:1822865162,8B484F48-8093-5D0A-9EA0-ACD0215D2171:sh,FORK,F47FCCC6-4BB2-3209-0551-F5B2CB829D31,sh,ta1-trace-2
1557886732.614:1822865127,87A85213-FF46-414B-9A6B-1888273E4884:sshd,EXECUTE,8B484F48-8093-5D0A-9EA0-ACD0215D2171,sh,ta1-trace-2
1557886732.614:1822865062,501A7733-C4D7-093F-6D17-03B526505BCF:sshd,FORK,87A85213-FF46-414B-9A6B-1888273E4884,sshd,ta1-trace-2
1557886732.594:1822864759,D9BA9DC7-3FCA-9CE9-4F73-E430A2FB97CD:sshd,CHANGE_PRINCIPAL,501A7733-C4D7-093F-6D17-03B526505BCF,sshd,ta1-trace-2
1557886732.594:1822864758,7B35AA0D-4E41-1F46-157E-C86B9C3142D7:sshd,CHANGE_PRINCIPAL,D9BA9DC7-3FCA-9CE9-4F73-E430A2FB97CD,sshd,ta1-trace-2
1557886732.594:1822864757,D9BA9DC7-3FCA-9CE9-4F73-E430A2FB97CD:sshd,CHANGE_PRINCIPAL,7B35AA0D-4E41-1F46-157E-C86B9C3142D7,sshd,ta1-trace-2
1557886732.594:1822864756,501A7733-C4D7-093F-6D17-03B526505BCF:sshd,CHANGE_PRINCIPAL,D9BA9DC7-3FCA-9CE9-4F73-E430A2FB97CD,sshd,ta1-trace-2
1557886732.594:1822864700,501A7733-C4D7-093F-6D17-03B526505BCF:sshd,MMAP,07E87BAE-732D-D58F-383B-111629036544,/etc/shadow,ta1-trace-2
1557886732.582:1822864668,501A7733-C4D7-093F-6D17-03B526505BCF:sshd,MMAP,07E87BAE-732D-D58F-383B-111629036544,/etc/shadow,ta1-trace-2
1557886732.474:1822864214,501A7733-C4D7-093F-6D17-03B526505BCF:sshd,READ,573E5010-1713-BD2C-2998-A48580BDA4D4,/etc/hosts,ta1-trace-2
1557886732.474:1822864213,501A7733-C4D7-093F-6D17-03B526505BCF:sshd,READ,573E5010-1713-BD2C-2998-A48580BDA4D4,/etc/hosts,ta1-trace-2
1557886732.134:1822863101,4C9F76DA-98EB-6D9D-62CB-BA8422BE9538:sshd,EXECUTE,501A7733-C4D7-093F-6D17-03B526505BCF,sshd,ta1-trace-2
1557886732.134:1822863080,DEF8FC47-7A9A-FBED-6B2A-08B2189BECCD:sshd,FORK,4C9F76DA-98EB-6D9D-62CB-BA8422BE9538,sshd,ta1-trace-2
1557886729.886:1822851871,324F9565-2C85-6CA9-338B-7C5A55C6ADA7:update-motd-fsc,EXECUTE,D98DABA8-E8B3-BBA8-1EE1-07412DBEC69F,cat,ta1-trace-2
1557886729.886:1822851869,4291BA7F-A219-620A-E499-5A3FEC118731:update-motd-fsc,FORK,324F9565-2C85-6CA9-338B-7C5A55C6ADA7,update-motd-fsc,ta1-trace-2
1557886729.882:1822851654,5B5453AC-7747-7DDB-00CE-403F459249AC:98-fsck-at-rebo,EXECUTE,4291BA7F-A219-620A-E499-5A3FEC118731,update-motd-fsc,ta1-trace-2
1557886729.882:1822851632,E14790B5-75F2-F9D4-CB76-A86EC640352E:run-parts,EXECUTE,5B5453AC-7747-7DDB-00CE-403F459249AC,98-fsck-at-rebo,ta1-trace-2
1557886729.882:1822851631,DF3E1AE8-13C8-9E9E-4306-AEFAE8078241:run-parts,FORK,E14790B5-75F2-F9D4-CB76-A86EC640352E,run-parts,ta1-trace-2
1557886729.882:1822851582,B613383F-738D-F93E-DDEF-AAA415B6C3B2:update-motd-hwe,EXECUTE,4E53AFAF-E13E-D1F9-4D34-BD443D22A011,cat,ta1-trace-2
1557886729.882:1822851580,D3F5C7B4-130C-C716-F76E-EE43597CBEA5:update-motd-hwe,FORK,B613383F-738D-F93E-DDEF-AAA415B6C3B2,update-motd-hwe,ta1-trace-2
1557886729.858:1822850178,1A839D0D-4093-655D-1DEB-A52380B3B8E8:95-hwe-eol,EXECUTE,D3F5C7B4-130C-C716-F76E-EE43597CBEA5,update-motd-hwe,ta1-trace-2
1557886729.858:1822850157,71FF98EA-5C66-C5C9-2B84-F3F4B2C2A1AB:run-parts,EXECUTE,1A839D0D-4093-655D-1DEB-A52380B3B8E8,95-hwe-eol,ta1-trace-2
1557886729.858:1822850156,DF3E1AE8-13C8-9E9E-4306-AEFAE8078241:run-parts,FORK,71FF98EA-5C66-C5C9-2B84-F3F4B2C2A1AB,run-parts,ta1-trace-2
1557886729.818:1822849430,2F6D10A9-DC96-E94E-FA72-0F1D76DB4AAF:update-motd-upd,EXECUTE,3013AEF7-E903-DB74-6F09-0F8601E1FD4D,cat,ta1-trace-2
1557886729.818:1822849428,A8DD0FCA-32D4-E0AB-E952-3548B96221C5:update-motd-upd,FORK,2F6D10A9-DC96-E94E-FA72-0F1D76DB4AAF,update-motd-upd,ta1-trace-2
1557886729.798:1822848339,04A23F34-2F93-B5B1-3648-7F5C87DC2078:90-updates-avai,EXECUTE,A8DD0FCA-32D4-E0AB-E952-3548B96221C5,update-motd-upd,ta1-trace-2
1557886729.798:1822848318,8BADF426-F354-A488-3235-CF9A5F81BB80:run-parts,EXECUTE,04A23F34-2F93-B5B1-3648-7F5C87DC2078,90-updates-avai,ta1-trace-2
1557886729.798:1822848317,DF3E1AE8-13C8-9E9E-4306-AEFAE8078241:run-parts,FORK,8BADF426-F354-A488-3235-CF9A5F81BB80,run-parts,ta1-trace-2
1557886729.658:1822840115,34D076E0-66DC-AB4E-53ED-444FC1AE843D:env,EXECUTE,DF3E1AE8-13C8-9E9E-4306-AEFAE8078241,run-parts,ta1-trace-2
1557886729.658:1822840089,C5EFC431-DE7C-D8DF-BFF7-96472F283F6D:sh,EXECUTE,34D076E0-66DC-AB4E-53ED-444FC1AE843D,env,ta1-trace-2
1557886729.658:1822840061,1A6288B7-6136-16D6-3AC2-C7383BFC2641:sh,FORK,C5EFC431-DE7C-D8DF-BFF7-96472F283F6D,sh,ta1-trace-2
1557886729.658:1822839995,1F640597-5692-D6A9-68DA-45CB74F5326E:sshd,EXECUTE,1A6288B7-6136-16D6-3AC2-C7383BFC2641,sh,ta1-trace-2
1557886729.658:1822839966,1F33C0E8-E714-6B55-9D88-5D2A3A3DD99C:sshd,FORK,1F640597-5692-D6A9-68DA-45CB74F5326E,sshd,ta1-trace-2
1557886729.642:1822839502,DF57869A-46AA-91A7-5CC1-509084AB2214:sshd,CHANGE_PRINCIPAL,1F33C0E8-E714-6B55-9D88-5D2A3A3DD99C,sshd,ta1-trace-2
1557886729.642:1822839501,4D74E867-443F-94C4-930B-C6394F1202FB:sshd,CHANGE_PRINCIPAL,DF57869A-46AA-91A7-5CC1-509084AB2214,sshd,ta1-trace-2
1557886729.642:1822839500,DF57869A-46AA-91A7-5CC1-509084AB2214:sshd,CHANGE_PRINCIPAL,4D74E867-443F-94C4-930B-C6394F1202FB,sshd,ta1-trace-2
1557886729.642:1822839499,1F33C0E8-E714-6B55-9D88-5D2A3A3DD99C:sshd,CHANGE_PRINCIPAL,DF57869A-46AA-91A7-5CC1-509084AB2214,sshd,ta1-trace-2
1557886729.642:1822839443,1F33C0E8-E714-6B55-9D88-5D2A3A3DD99C:sshd,MMAP,07E87BAE-732D-D58F-383B-111629036544,/etc/shadow,ta1-trace-2
1557886729.638:1822839411,1F33C0E8-E714-6B55-9D88-5D2A3A3DD99C:sshd,MMAP,07E87BAE-732D-D58F-383B-111629036544,/etc/shadow,ta1-trace-2
1557886729.534:1822838929,1F33C0E8-E714-6B55-9D88-5D2A3A3DD99C:sshd,READ,573E5010-1713-BD2C-2998-A48580BDA4D4,/etc/hosts,ta1-trace-2
1557886729.534:1822838928,1F33C0E8-E714-6B55-9D88-5D2A3A3DD99C:sshd,READ,573E5010-1713-BD2C-2998-A48580BDA4D4,/etc/hosts,ta1-trace-2
1557886729.438:1822838236,BB881B21-6E45-E6F3-5EC8-2EEB15FF0D64:sshd,EXECUTE,1F33C0E8-E714-6B55-9D88-5D2A3A3DD99C,sshd,ta1-trace-2
1557886729.434:1822838215,DEF8FC47-7A9A-FBED-6B2A-08B2189BECCD:sshd,FORK,BB881B21-6E45-E6F3-5EC8-2EEB15FF0D64,sshd,ta1-trace-2
1557886727.166:1822830169,7E10E200-6FDE-36E9-98B5-CA27A0D86119:bash,EXECUTE,1CA3F1BC-FB20-F173-8182-8EE03550AA8D,b'whoami',ta1-trace-2
1557886727.166:1822830164,5F98D6DE-D86A-E519-B9B6-93D8DD711467:bash,FORK,7E10E200-6FDE-36E9-98B5-CA27A0D86119,bash,ta1-trace-2
1557886727.166:1822830145,CCB996E5-372F-E101-AA52-F8B1D09031A3:bash,FORK,5F98D6DE-D86A-E519-B9B6-93D8DD711467,bash,ta1-trace-2
1557886726.974:1822826628,EBD8FC15-8D65-BED3-DE74-369AA5E4139D:sshd,EXECUTE,CCB996E5-372F-E101-AA52-F8B1D09031A3,bash,ta1-trace-2
1557886726.970:1822826525,91EC72B2-F461-ABA4-9725-D9997EAAD970:sshd,FORK,EBD8FC15-8D65-BED3-DE74-369AA5E4139D,sshd,ta1-trace-2
1557886726.970:1822826443,31E40995-62B9-D7EB-FA33-C28C0E99C19B:sshd,CHANGE_PRINCIPAL,91EC72B2-F461-ABA4-9725-D9997EAAD970,sshd,ta1-trace-2
1557886726.970:1822826414,9C51A430-96A0-580E-002A-0A7FBA191F0B:sshd,CHANGE_PRINCIPAL,31E40995-62B9-D7EB-FA33-C28C0E99C19B,sshd,ta1-trace-2
1557886726.970:1822826404,E89AE5B3-F940-6D8C-2D20-B0D76B89590A:sshd,FORK,9C51A430-96A0-580E-002A-0A7FBA191F0B,sshd,ta1-trace-2
1557886726.966:1822826271,3D3284F1-8DBA-4D6F-DF28-4133EA1D0FC9:update-motd-fsc,EXECUTE,C78C15F8-EC9D-8D6D-11EC-1B972924A7C2,cat,ta1-trace-2
1557886726.966:1822826269,8A47B645-B3CA-8678-6562-FB9C8FA41E70:update-motd-fsc,FORK,3D3284F1-8DBA-4D6F-DF28-4133EA1D0FC9,update-motd-fsc,ta1-trace-2
1557886726.930:1822824001,3EE94110-C058-C2E6-E6C9-07EC29C1603F:98-fsck-at-rebo,EXECUTE,8A47B645-B3CA-8678-6562-FB9C8FA41E70,update-motd-fsc,ta1-trace-2
1557886726.930:1822823979,2D849602-0565-8E17-CE13-F8D471C4E649:run-parts,EXECUTE,3EE94110-C058-C2E6-E6C9-07EC29C1603F,98-fsck-at-rebo,ta1-trace-2
1557886726.930:1822823978,8CDCB025-79A3-8347-DD85-ABD428918569:run-parts,FORK,2D849602-0565-8E17-CE13-F8D471C4E649,run-parts,ta1-trace-2
1557886726.930:1822823929,BE2237CA-853E-5EA4-EF42-482F483F3100:update-motd-hwe,EXECUTE,95DCD6D2-FA32-43D3-81D8-E31357EC92F6,cat,ta1-trace-2
1557886726.930:1822823927,8B747305-4BAF-4432-CCAC-66F2465F426C:update-motd-hwe,FORK,BE2237CA-853E-5EA4-EF42-482F483F3100,update-motd-hwe,ta1-trace-2
1557886726.906:1822822527,419A395E-AC8E-F27F-645B-F49164E127AB:95-hwe-eol,EXECUTE,8B747305-4BAF-4432-CCAC-66F2465F426C,update-motd-hwe,ta1-trace-2
1557886726.906:1822822506,956D7591-B468-2E12-A2F2-C97183FC8AA4:run-parts,EXECUTE,419A395E-AC8E-F27F-645B-F49164E127AB,95-hwe-eol,ta1-trace-2
1557886726.906:1822822505,8CDCB025-79A3-8347-DD85-ABD428918569:run-parts,FORK,956D7591-B468-2E12-A2F2-C97183FC8AA4,run-parts,ta1-trace-2
1557886726.870:1822821779,A28B6A87-7F10-E56A-0742-0CC50A4BAC8C:update-motd-upd,EXECUTE,8C289678-9A6D-3071-9D96-880CF918B76A,cat,ta1-trace-2
1557886726.870:1822821777,167D2D38-40AD-8837-AA53-A962BBBA89DC:update-motd-upd,FORK,A28B6A87-7F10-E56A-0742-0CC50A4BAC8C,update-motd-upd,ta1-trace-2
1557886726.850:1822820716,0FB0672C-1B6A-07CE-832B-431F3E42B95A:90-updates-avai,EXECUTE,167D2D38-40AD-8837-AA53-A962BBBA89DC,update-motd-upd,ta1-trace-2
1557886726.850:1822820695,F9EB48B6-6CDE-A891-48D6-5D56882B4078:run-parts,EXECUTE,0FB0672C-1B6A-07CE-832B-431F3E42B95A,90-updates-avai,ta1-trace-2
1557886726.850:1822820694,8CDCB025-79A3-8347-DD85-ABD428918569:run-parts,FORK,F9EB48B6-6CDE-A891-48D6-5D56882B4078,run-parts,ta1-trace-2
1557886726.706:1822812479,F8F67396-3C89-9DAA-57A3-741C6DCE7813:env,EXECUTE,8CDCB025-79A3-8347-DD85-ABD428918569,run-parts,ta1-trace-2
1557886726.706:1822812444,0F672E50-4B4C-CF1C-1197-FF806479D3B6:sh,EXECUTE,F8F67396-3C89-9DAA-57A3-741C6DCE7813,env,ta1-trace-2
1557886726.706:1822812433,EFA7A091-25D0-A833-B86D-11FD5DA0FCEA:sh,FORK,0F672E50-4B4C-CF1C-1197-FF806479D3B6,sh,ta1-trace-2
1557886726.706:1822812361,6F5D8E07-AA2B-DA71-6490-289550CBE383:sshd,EXECUTE,EFA7A091-25D0-A833-B86D-11FD5DA0FCEA,sh,ta1-trace-2
1557886726.706:1822812338,E89AE5B3-F940-6D8C-2D20-B0D76B89590A:sshd,FORK,6F5D8E07-AA2B-DA71-6490-289550CBE383,sshd,ta1-trace-2
1557886726.686:1822811862,395771D5-8159-5C41-5B29-DEF485352A65:sshd,CHANGE_PRINCIPAL,E89AE5B3-F940-6D8C-2D20-B0D76B89590A,sshd,ta1-trace-2
1557886726.686:1822811861,8A7795B2-9518-33A1-9812-57A9667D4AF2:sshd,CHANGE_PRINCIPAL,395771D5-8159-5C41-5B29-DEF485352A65,sshd,ta1-trace-2
1557886726.686:1822811860,395771D5-8159-5C41-5B29-DEF485352A65:sshd,CHANGE_PRINCIPAL,8A7795B2-9518-33A1-9812-57A9667D4AF2,sshd,ta1-trace-2
1557886726.686:1822811859,E89AE5B3-F940-6D8C-2D20-B0D76B89590A:sshd,CHANGE_PRINCIPAL,395771D5-8159-5C41-5B29-DEF485352A65,sshd,ta1-trace-2
1557886726.686:1822811803,E89AE5B3-F940-6D8C-2D20-B0D76B89590A:sshd,MMAP,07E87BAE-732D-D58F-383B-111629036544,/etc/shadow,ta1-trace-2
1557886726.682:1822811775,E89AE5B3-F940-6D8C-2D20-B0D76B89590A:sshd,MMAP,07E87BAE-732D-D58F-383B-111629036544,/etc/shadow,ta1-trace-2
1557886726.578:1822810588,E89AE5B3-F940-6D8C-2D20-B0D76B89590A:sshd,READ,573E5010-1713-BD2C-2998-A48580BDA4D4,/etc/hosts,ta1-trace-2
1557886726.578:1822810587,E89AE5B3-F940-6D8C-2D20-B0D76B89590A:sshd,READ,573E5010-1713-BD2C-2998-A48580BDA4D4,/etc/hosts,ta1-trace-2
1557886726.478:1822809898,486D381F-408D-EC64-3C5F-61E6FDBBBA43:sshd,EXECUTE,E89AE5B3-F940-6D8C-2D20-B0D76B89590A,sshd,ta1-trace-2
1557886726.474:1822809872,DEF8FC47-7A9A-FBED-6B2A-08B2189BECCD:sshd,FORK,486D381F-408D-EC64-3C5F-61E6FDBBBA43,sshd,ta1-trace-2
1557886621.561:1822572592,89F8458F-167A-6331-DB18-C05C2B053980:cron,MMAP,07E87BAE-732D-D58F-383B-111629036544,/etc/shadow,ta1-trace-2
1557886519.847:1822335833,DD316350-F611-1CFF-0782-49B3C615193B:update-motd-fsc,EXECUTE,15AD3C78-1D47-72C6-EB4C-7D5B1E061698,cat,ta1-trace-2
1557886519.847:1822335831,977D048E-8492-D506-C680-2F70F6B344B1:update-motd-fsc,FORK,DD316350-F611-1CFF-0782-49B3C615193B,update-motd-fsc,ta1-trace-2
1557886519.847:1822335616,C6EAEFFE-A460-2891-CC59-130B1E5249F6:98-fsck-at-rebo,EXECUTE,977D048E-8492-D506-C680-2F70F6B344B1,update-motd-fsc,ta1-trace-2
1557886519.847:1822335594,C66E1314-F36C-B27F-6C0F-A65B732235BB:run-parts,EXECUTE,C6EAEFFE-A460-2891-CC59-130B1E5249F6,98-fsck-at-rebo,ta1-trace-2
1557886519.847:1822335593,433AC4DD-78BB-38BA-2182-B0382E3D71E0:run-parts,FORK,C66E1314-F36C-B27F-6C0F-A65B732235BB,run-parts,ta1-trace-2
1557886519.843:1822335544,DEF5AC98-029E-3DFD-D99A-0F57889A41B5:update-motd-hwe,EXECUTE,CC791754-20A6-826B-369C-EEB609C0C0FA,cat,ta1-trace-2
1557886519.843:1822335542,F82515A7-64F9-D14E-4150-34F2575300E5:update-motd-hwe,FORK,DEF5AC98-029E-3DFD-D99A-0F57889A41B5,update-motd-hwe,ta1-trace-2
1557886519.819:1822334142,57EBFEE0-6CE3-4148-0537-27E3BEC68069:95-hwe-eol,EXECUTE,F82515A7-64F9-D14E-4150-34F2575300E5,update-motd-hwe,ta1-trace-2
1557886519.819:1822334121,B0F0366B-C9C3-D85A-6598-4110C7E63A73:run-parts,EXECUTE,57EBFEE0-6CE3-4148-0537-27E3BEC68069,95-hwe-eol,ta1-trace-2
1557886519.819:1822334120,433AC4DD-78BB-38BA-2182-B0382E3D71E0:run-parts,FORK,B0F0366B-C9C3-D85A-6598-4110C7E63A73,run-parts,ta1-trace-2
1557886519.779:1822333391,DB120BE2-333D-06CF-11FE-EFD6E8F7DB35:update-motd-upd,EXECUTE,9A9111A8-C47B-0900-195A-7D9C55CC4639,cat,ta1-trace-2
1557886519.779:1822333389,6AC24B6E-2D38-BBDB-6320-99AFB3CB0809:update-motd-upd,FORK,DB120BE2-333D-06CF-11FE-EFD6E8F7DB35,update-motd-upd,ta1-trace-2
1557886519.759:1822332327,EF612209-92B2-03FD-B101-312554F223FF:90-updates-avai,EXECUTE,6AC24B6E-2D38-BBDB-6320-99AFB3CB0809,update-motd-upd,ta1-trace-2
1557886519.759:1822332301,0681EED4-9DF8-F536-4C35-1C80C7F302ED:run-parts,EXECUTE,EF612209-92B2-03FD-B101-312554F223FF,90-updates-avai,ta1-trace-2
1557886519.759:1822332297,433AC4DD-78BB-38BA-2182-B0382E3D71E0:run-parts,FORK,0681EED4-9DF8-F536-4C35-1C80C7F302ED,run-parts,ta1-trace-2
1557886519.595:1822324062,FC16D763-3576-D72B-3F3F-BC66D6D04CB3:env,EXECUTE,433AC4DD-78BB-38BA-2182-B0382E3D71E0,run-parts,ta1-trace-2
1557886519.595:1822324046,86CA4AA6-2A7B-1572-44CC-D9704325B347:sh,EXECUTE,FC16D763-3576-D72B-3F3F-BC66D6D04CB3,env,ta1-trace-2
1557886519.595:1822324036,E719DD1F-FAC8-CD35-6F9F-F564BC2E616A:sh,FORK,86CA4AA6-2A7B-1572-44CC-D9704325B347,sh,ta1-trace-2
1557886519.595:1822323988,D2170CF8-1969-D1F0-D5F1-A626E992AD22:sshd,EXECUTE,E719DD1F-FAC8-CD35-6F9F-F564BC2E616A,sh,ta1-trace-2
1557886519.595:1822323938,0AB5B020-C7E9-E4A2-5E5D-D9A252AE64DA:sshd,FORK,D2170CF8-1969-D1F0-D5F1-A626E992AD22,sshd,ta1-trace-2
1557886519.575:1822323665,586CBA5B-FEE9-6954-6636-55E22E7AA527:sshd,CHANGE_PRINCIPAL,0AB5B020-C7E9-E4A2-5E5D-D9A252AE64DA,sshd,ta1-trace-2
1557886519.575:1822323664,B623406F-372D-CF55-C162-39527AD0FA03:sshd,CHANGE_PRINCIPAL,586CBA5B-FEE9-6954-6636-55E22E7AA527,sshd,ta1-trace-2
1557886519.575:1822323663,586CBA5B-FEE9-6954-6636-55E22E7AA527:sshd,CHANGE_PRINCIPAL,B623406F-372D-CF55-C162-39527AD0FA03,sshd,ta1-trace-2
1557886519.575:1822323662,0AB5B020-C7E9-E4A2-5E5D-D9A252AE64DA:sshd,CHANGE_PRINCIPAL,586CBA5B-FEE9-6954-6636-55E22E7AA527,sshd,ta1-trace-2
1557886519.575:1822323605,0AB5B020-C7E9-E4A2-5E5D-D9A252AE64DA:sshd,MMAP,07E87BAE-732D-D58F-383B-111629036544,/etc/shadow,ta1-trace-2
1557886519.563:1822323573,0AB5B020-C7E9-E4A2-5E5D-D9A252AE64DA:sshd,MMAP,07E87BAE-732D-D58F-383B-111629036544,/etc/shadow,ta1-trace-2
1557886519.459:1822323091,0AB5B020-C7E9-E4A2-5E5D-D9A252AE64DA:sshd,READ,573E5010-1713-BD2C-2998-A48580BDA4D4,/etc/hosts,ta1-trace-2
1557886519.459:1822323090,0AB5B020-C7E9-E4A2-5E5D-D9A252AE64DA:sshd,READ,573E5010-1713-BD2C-2998-A48580BDA4D4,/etc/hosts,ta1-trace-2
1557886519.359:1822322422,29E64E13-C91D-833B-D292-4C94B9EE5D55:sshd,EXECUTE,0AB5B020-C7E9-E4A2-5E5D-D9A252AE64DA,sshd,ta1-trace-2
1557886519.359:1822322396,DEF8FC47-7A9A-FBED-6B2A-08B2189BECCD:sshd,FORK,29E64E13-C91D-833B-D292-4C94B9EE5D55,sshd,ta1-trace-2
1557886258.709:1821736423,599DAC97-F151-062E-ED94-734DD6A09821:update-motd-fsc,EXECUTE,4163C951-5688-7562-E0DA-7A4B06578BA6,cat,ta1-trace-2
1557886258.709:1821736420,51CD04EC-04E6-0E0C-939A-D576EA00880E:update-motd-fsc,FORK,599DAC97-F151-062E-ED94-734DD6A09821,update-motd-fsc,ta1-trace-2
1557886258.709:1821736201,0C0B43BF-993A-8D15-87D8-37865EEBF8B9:98-fsck-at-rebo,EXECUTE,51CD04EC-04E6-0E0C-939A-D576EA00880E,update-motd-fsc,ta1-trace-2
1557886258.705:1821736179,A51AE59B-586C-3823-4053-C7934FEE71C0:run-parts,EXECUTE,0C0B43BF-993A-8D15-87D8-37865EEBF8B9,98-fsck-at-rebo,ta1-trace-2
1557886258.705:1821736178,6FE428B8-06C6-2946-3486-42AA4A1C2F2B:run-parts,FORK,A51AE59B-586C-3823-4053-C7934FEE71C0,run-parts,ta1-trace-2
1557886258.705:1821736129,160A1306-1628-679C-2606-73AFBF53CD0F:update-motd-hwe,EXECUTE,39C62F2E-5AA3-FFE6-DBF8-1A154F9A3E92,cat,ta1-trace-2
1557886258.705:1821736127,3D5FC4B9-C2B5-8B3E-2065-5AA917D8E468:update-motd-hwe,FORK,160A1306-1628-679C-2606-73AFBF53CD0F,update-motd-hwe,ta1-trace-2
1557886258.681:1821734728,2E361002-EF9B-C63D-2703-46BE390783E4:95-hwe-eol,EXECUTE,3D5FC4B9-C2B5-8B3E-2065-5AA917D8E468,update-motd-hwe,ta1-trace-2
1557886258.681:1821734707,6588F023-642E-000D-17F3-40DEDB769BF7:run-parts,EXECUTE,2E361002-EF9B-C63D-2703-46BE390783E4,95-hwe-eol,ta1-trace-2
1557886258.681:1821734706,6FE428B8-06C6-2946-3486-42AA4A1C2F2B:run-parts,FORK,6588F023-642E-000D-17F3-40DEDB769BF7,run-parts,ta1-trace-2
1557886258.645:1821734000,44D571BE-4F88-A1D8-6F2B-0D33CC926322:update-motd-upd,EXECUTE,FC4BB804-AF82-C14B-40AB-2DE9171BF3A2,cat,ta1-trace-2
1557886258.645:1821733998,08E7B165-22F1-5076-CB38-586229F18A4E:update-motd-upd,FORK,44D571BE-4F88-A1D8-6F2B-0D33CC926322,update-motd-upd,ta1-trace-2
1557886258.625:1821732896,EB5A9362-0ECF-ADC6-ABB2-9FE36661A01D:90-updates-avai,EXECUTE,08E7B165-22F1-5076-CB38-586229F18A4E,update-motd-upd,ta1-trace-2
1557886258.625:1821732875,4FD9068D-6578-FCA9-EE7F-B7B7B3C1A3FE:run-parts,EXECUTE,EB5A9362-0ECF-ADC6-ABB2-9FE36661A01D,90-updates-avai,ta1-trace-2
1557886258.625:1821732874,6FE428B8-06C6-2946-3486-42AA4A1C2F2B:run-parts,FORK,4FD9068D-6578-FCA9-EE7F-B7B7B3C1A3FE,run-parts,ta1-trace-2
1557886258.457:1821723905,F32C3226-FBAE-D1BD-6EF7-988009D15275:env,EXECUTE,6FE428B8-06C6-2946-3486-42AA4A1C2F2B,run-parts,ta1-trace-2
1557886258.457:1821723879,80D61611-DB77-012C-0209-9BA1FEADD7F4:sh,EXECUTE,F32C3226-FBAE-D1BD-6EF7-988009D15275,env,ta1-trace-2
1557886258.457:1821723875,C8E2085A-46D0-BC6A-B2CC-44339C814FC9:sh,FORK,80D61611-DB77-012C-0209-9BA1FEADD7F4,sh,ta1-trace-2
1557886258.457:1821723804,FFD27193-13C8-F600-55E5-6A49D4B74CC5:sshd,EXECUTE,C8E2085A-46D0-BC6A-B2CC-44339C814FC9,sh,ta1-trace-2
1557886258.457:1821723766,64BC5A10-0CA5-6F08-D0ED-E3ADDFC4988D:sshd,FORK,FFD27193-13C8-F600-55E5-6A49D4B74CC5,sshd,ta1-trace-2
1557886258.437:1821723284,DC648FD8-8AD5-8658-69F9-9821C2735DC0:sshd,CHANGE_PRINCIPAL,64BC5A10-0CA5-6F08-D0ED-E3ADDFC4988D,sshd,ta1-trace-2
1557886258.437:1821723283,E526E32C-42BA-6290-F499-A3D4FDD214A6:sshd,CHANGE_PRINCIPAL,DC648FD8-8AD5-8658-69F9-9821C2735DC0,sshd,ta1-trace-2
1557886258.437:1821723282,DC648FD8-8AD5-8658-69F9-9821C2735DC0:sshd,CHANGE_PRINCIPAL,E526E32C-42BA-6290-F499-A3D4FDD214A6,sshd,ta1-trace-2
1557886258.437:1821723281,64BC5A10-0CA5-6F08-D0ED-E3ADDFC4988D:sshd,CHANGE_PRINCIPAL,DC648FD8-8AD5-8658-69F9-9821C2735DC0,sshd,ta1-trace-2
1557886258.437:1821723226,64BC5A10-0CA5-6F08-D0ED-E3ADDFC4988D:sshd,MMAP,07E87BAE-732D-D58F-383B-111629036544,/etc/shadow,ta1-trace-2
1557886258.433:1821723194,64BC5A10-0CA5-6F08-D0ED-E3ADDFC4988D:sshd,MMAP,07E87BAE-732D-D58F-383B-111629036544,/etc/shadow,ta1-trace-2
1557886258.329:1821722712,64BC5A10-0CA5-6F08-D0ED-E3ADDFC4988D:sshd,READ,573E5010-1713-BD2C-2998-A48580BDA4D4,/etc/hosts,ta1-trace-2
1557886258.329:1821722711,64BC5A10-0CA5-6F08-D0ED-E3ADDFC4988D:sshd,READ,573E5010-1713-BD2C-2998-A48580BDA4D4,/etc/hosts,ta1-trace-2
1557886258.257:1821722103,746CC382-ABAE-01F8-C7D0-BFA5C91D645F:sshd,EXECUTE,64BC5A10-0CA5-6F08-D0ED-E3ADDFC4988D,sshd,ta1-trace-2
1557886258.253:1821722082,DEF8FC47-7A9A-FBED-6B2A-08B2189BECCD:sshd,FORK,746CC382-ABAE-01F8-C7D0-BFA5C91D645F,sshd,ta1-trace-2
1557886000.074:1821103083,088D464F-8254-77BF-B38B-3261A844CE7D:update-motd-fsc,EXECUTE,294EF7F0-B9B1-2440-A6E4-F88907A3F101,cat,ta1-trace-2
1557886000.074:1821103081,C788A14C-A57E-D274-E036-12F4F5960928:update-motd-fsc,FORK,088D464F-8254-77BF-B38B-3261A844CE7D,update-motd-fsc,ta1-trace-2
1557886000.070:1821102834,5FEC26B5-968F-9762-39D9-CC2D8483ED0B:98-fsck-at-rebo,EXECUTE,C788A14C-A57E-D274-E036-12F4F5960928,update-motd-fsc,ta1-trace-2
1557886000.070:1821102812,2D995C9C-723B-8854-BE42-238B595C6B6B:run-parts,EXECUTE,5FEC26B5-968F-9762-39D9-CC2D8483ED0B,98-fsck-at-rebo,ta1-trace-2
1557886000.070:1821102811,41D75380-9881-F06C-9179-6F353A871CC2:run-parts,FORK,2D995C9C-723B-8854-BE42-238B595C6B6B,run-parts,ta1-trace-2
1557886000.070:1821102762,3C5FF7B1-82DA-C70C-6113-7F8B5B9E95F7:update-motd-hwe,EXECUTE,740CCDCD-52E8-E8F0-6158-42B1B13F169C,cat,ta1-trace-2
1557886000.070:1821102760,C9DB74F6-52C7-76AF-E3FC-1AA0F490CFFC:update-motd-hwe,FORK,3C5FF7B1-82DA-C70C-6113-7F8B5B9E95F7,update-motd-hwe,ta1-trace-2
1557885999.962:1821100119,BDFC04D9-D17A-AF6F-DF25-E94EB5AF6161:95-hwe-eol,EXECUTE,C9DB74F6-52C7-76AF-E3FC-1AA0F490CFFC,update-motd-hwe,ta1-trace-2
1557885999.962:1821100098,103236BE-FEA5-789A-C0ED-FD56071E4046:run-parts,EXECUTE,BDFC04D9-D17A-AF6F-DF25-E94EB5AF6161,95-hwe-eol,ta1-trace-2
1557885999.962:1821100097,41D75380-9881-F06C-9179-6F353A871CC2:run-parts,FORK,103236BE-FEA5-789A-C0ED-FD56071E4046,run-parts,ta1-trace-2
1557885999.922:1821099371,4B7F4ACB-A071-8C32-E9C0-2120132B52B1:update-motd-upd,EXECUTE,6060C3F3-1773-2443-D81D-0864E6582E14,cat,ta1-trace-2
1557885999.922:1821099369,49EAACB2-EAE3-0B36-0115-C30098FC8290:update-motd-upd,FORK,4B7F4ACB-A071-8C32-E9C0-2120132B52B1,update-motd-upd,ta1-trace-2
1557885999.906:1821098308,E9E8616B-C564-7F47-5A95-9011279C8D60:90-updates-avai,EXECUTE,49EAACB2-EAE3-0B36-0115-C30098FC8290,update-motd-upd,ta1-trace-2
1557885999.906:1821098287,1D03EBE4-4E89-D3CB-0DB6-24DB783B9839:run-parts,EXECUTE,E9E8616B-C564-7F47-5A95-9011279C8D60,90-updates-avai,ta1-trace-2
1557885999.906:1821098286,41D75380-9881-F06C-9179-6F353A871CC2:run-parts,FORK,1D03EBE4-4E89-D3CB-0DB6-24DB783B9839,run-parts,ta1-trace-2
1557885999.750:1821089977,283C13BA-A710-EBE5-29F2-C787BF782386:env,EXECUTE,41D75380-9881-F06C-9179-6F353A871CC2,run-parts,ta1-trace-2
1557885999.750:1821089950,DF402FCB-0D5D-8719-771E-08FE88208D99:sh,EXECUTE,283C13BA-A710-EBE5-29F2-C787BF782386,env,ta1-trace-2
1557885999.750:1821089943,B70B81ED-0231-F510-B7A6-E0E65C4075EB:sh,FORK,DF402FCB-0D5D-8719-771E-08FE88208D99,sh,ta1-trace-2
1557885999.746:1821089900,D391B9B8-5805-CB52-E097-B23F3298F474:sshd,EXECUTE,B70B81ED-0231-F510-B7A6-E0E65C4075EB,sh,ta1-trace-2
1557885999.746:1821089873,A46E192D-694A-446D-48C6-264C6CA662DE:sshd,FORK,D391B9B8-5805-CB52-E097-B23F3298F474,sshd,ta1-trace-2
1557885999.718:1821089381,0A2A46E3-11E7-0840-1908-7032673311D5:sshd,CHANGE_PRINCIPAL,A46E192D-694A-446D-48C6-264C6CA662DE,sshd,ta1-trace-2
1557885999.718:1821089380,B07397A3-FAF6-EB67-44D3-B6B6E830C6FD:sshd,CHANGE_PRINCIPAL,0A2A46E3-11E7-0840-1908-7032673311D5,sshd,ta1-trace-2
1557885999.718:1821089379,0A2A46E3-11E7-0840-1908-7032673311D5:sshd,CHANGE_PRINCIPAL,B07397A3-FAF6-EB67-44D3-B6B6E830C6FD,sshd,ta1-trace-2
1557885999.718:1821089378,A46E192D-694A-446D-48C6-264C6CA662DE:sshd,CHANGE_PRINCIPAL,0A2A46E3-11E7-0840-1908-7032673311D5,sshd,ta1-trace-2
1557885999.718:1821089322,A46E192D-694A-446D-48C6-264C6CA662DE:sshd,MMAP,07E87BAE-732D-D58F-383B-111629036544,/etc/shadow,ta1-trace-2
1557885999.706:1821089270,A46E192D-694A-446D-48C6-264C6CA662DE:sshd,MMAP,07E87BAE-732D-D58F-383B-111629036544,/etc/shadow,ta1-trace-2
1557885999.602:1821088784,A46E192D-694A-446D-48C6-264C6CA662DE:sshd,READ,573E5010-1713-BD2C-2998-A48580BDA4D4,/etc/hosts,ta1-trace-2
1557885999.602:1821088783,A46E192D-694A-446D-48C6-264C6CA662DE:sshd,READ,573E5010-1713-BD2C-2998-A48580BDA4D4,/etc/hosts,ta1-trace-2
1557885999.502:1821088115,497DB60F-9023-C8FF-1A17-25D4B3B9A194:sshd,EXECUTE,A46E192D-694A-446D-48C6-264C6CA662DE,sshd,ta1-trace-2
1557885999.502:1821088094,DEF8FC47-7A9A-FBED-6B2A-08B2189BECCD:sshd,FORK,497DB60F-9023-C8FF-1A17-25D4B3B9A194,sshd,ta1-trace-2
1557885966.638:1820973348,10B565D4-0602-19AB-17D7-5D01619CA4C0:perl,MMAP,07E87BAE-732D-D58F-383B-111629036544,/etc/shadow,ta1-trace-2
1557885966.638:1820973238,A6144FBC-F1A8-8F2D-B9C3-827D22B7390A:man-db.postinst,EXECUTE,10B565D4-0602-19AB-17D7-5D01619CA4C0,perl,ta1-trace-2
1557885966.638:1820973236,E7C8A57B-5616-69D4-6272-33B4C7C9E6F9:man-db.postinst,FORK,A6144FBC-F1A8-8F2D-B9C3-827D22B7390A,man-db.postinst,ta1-trace-2
1557885966.638:1820973215,1BF1DF17-9DFC-45A7-8471-64FEEBEE1E99:dpkg,EXECUTE,E7C8A57B-5616-69D4-6272-33B4C7C9E6F9,man-db.postinst,ta1-trace-2
1557885966.638:1820973214,687080F8-9E85-CE38-77A3-3DDA76BEE603:dpkg,FORK,1BF1DF17-9DFC-45A7-8471-64FEEBEE1E99,dpkg,ta1-trace-2
1557885965.954:1820960493,729041F2-6D20-F357-59CB-D430A15813B5:sudo,EXECUTE,687080F8-9E85-CE38-77A3-3DDA76BEE603,dpkg,ta1-trace-2
1557885965.954:1820960483,FAD7C08F-8C6F-C422-B120-2FAB2220802E:sudo,CHANGE_PRINCIPAL,729041F2-6D20-F357-59CB-D430A15813B5,sudo,ta1-trace-2
1557885965.954:1820960477,78D7538E-0247-A3AD-08DD-41619F79A45F:sudo,FORK,FAD7C08F-8C6F-C422-B120-2FAB2220802E,sudo,ta1-trace-2
1557885965.954:1820960437,207EC05C-1942-88B8-1D23-675A76A107C6:sudo,CHANGE_PRINCIPAL,78D7538E-0247-A3AD-08DD-41619F79A45F,sudo,ta1-trace-2
1557885965.950:1820960423,0854FA11-5B6A-E8FE-675C-0EF7968ACC1C:sudo,CHANGE_PRINCIPAL,207EC05C-1942-88B8-1D23-675A76A107C6,sudo,ta1-trace-2
1557885965.950:1820960420,207EC05C-1942-88B8-1D23-675A76A107C6:sudo,CHANGE_PRINCIPAL,0854FA11-5B6A-E8FE-675C-0EF7968ACC1C,sudo,ta1-trace-2
1557885965.950:1820960206,10B1011E-91CB-CB84-8266-10F20F6A31A3:sudo,CHANGE_PRINCIPAL,207EC05C-1942-88B8-1D23-675A76A107C6,sudo,ta1-trace-2
1557885965.950:1820960195,0854FA11-5B6A-E8FE-675C-0EF7968ACC1C:sudo,CHANGE_PRINCIPAL,10B1011E-91CB-CB84-8266-10F20F6A31A3,sudo,ta1-trace-2
1557885965.950:1820960188,0854FA11-5B6A-E8FE-675C-0EF7968ACC1C:sudo,READ,573E5010-1713-BD2C-2998-A48580BDA4D4,/etc/hosts,ta1-trace-2
1557885965.950:1820960187,0854FA11-5B6A-E8FE-675C-0EF7968ACC1C:sudo,READ,573E5010-1713-BD2C-2998-A48580BDA4D4,/etc/hosts,ta1-trace-2
1557885965.950:1820960165,37B530BA-3DBA-3F0A-AF2C-AC4960AAE0F9:sudo,CHANGE_PRINCIPAL,0854FA11-5B6A-E8FE-675C-0EF7968ACC1C,sudo,ta1-trace-2
1557885965.950:1820960161,0854FA11-5B6A-E8FE-675C-0EF7968ACC1C:sudo,CHANGE_PRINCIPAL,37B530BA-3DBA-3F0A-AF2C-AC4960AAE0F9,sudo,ta1-trace-2
1557885965.950:1820960157,37B530BA-3DBA-3F0A-AF2C-AC4960AAE0F9:sudo,CHANGE_PRINCIPAL,0854FA11-5B6A-E8FE-675C-0EF7968ACC1C,sudo,ta1-trace-2
1557885965.950:1820960153,0854FA11-5B6A-E8FE-675C-0EF7968ACC1C:sudo,CHANGE_PRINCIPAL,37B530BA-3DBA-3F0A-AF2C-AC4960AAE0F9,sudo,ta1-trace-2
1557885965.950:1820960149,37B530BA-3DBA-3F0A-AF2C-AC4960AAE0F9:sudo,CHANGE_PRINCIPAL,0854FA11-5B6A-E8FE-675C-0EF7968ACC1C,sudo,ta1-trace-2
1557885965.950:1820960145,0854FA11-5B6A-E8FE-675C-0EF7968ACC1C:sudo,CHANGE_PRINCIPAL,37B530BA-3DBA-3F0A-AF2C-AC4960AAE0F9,sudo,ta1-trace-2
1557885965.950:1820960141,37B530BA-3DBA-3F0A-AF2C-AC4960AAE0F9:sudo,CHANGE_PRINCIPAL,0854FA11-5B6A-E8FE-675C-0EF7968ACC1C,sudo,ta1-trace-2
1557885965.950:1820960137,207EC05C-1942-88B8-1D23-675A76A107C6:sudo,CHANGE_PRINCIPAL,37B530BA-3DBA-3F0A-AF2C-AC4960AAE0F9,sudo,ta1-trace-2
1557885965.950:1820959958,7EF8470D-5093-924A-A2F9-7293226CFF9E:bash,EXECUTE,207EC05C-1942-88B8-1D23-675A76A107C6,b'sudo dpkg -i xvnc4viewer.deb',ta1-trace-2
1557885965.950:1820959958,917DF52A-AA06-59A6-41FC-A907BB4E2227:bash,CHANGE_PRINCIPAL,7EF8470D-5093-924A-A2F9-7293226CFF9E,bash,ta1-trace-2
1557885965.950:1820959952,3CA84D20-193C-6B03-E801-7BF98474F047:bash,FORK,917DF52A-AA06-59A6-41FC-A907BB4E2227,bash,ta1-trace-2
1557885962.810:1820915961,15C9E097-E50F-6D72-B706-8CF6D0217643:perl,MMAP,07E87BAE-732D-D58F-383B-111629036544,/etc/shadow,ta1-trace-2
1557885962.806:1820915851,80E0AA87-04FF-DE29-940F-4195898779C5:man-db.postinst,EXECUTE,15C9E097-E50F-6D72-B706-8CF6D0217643,perl,ta1-trace-2
1557885962.806:1820915849,B265DA4A-F7A9-EF4B-378D-D8D546A75C5A:man-db.postinst,FORK,80E0AA87-04FF-DE29-940F-4195898779C5,man-db.postinst,ta1-trace-2
1557885962.806:1820915828,CE3CE666-F8DC-6F20-4C8C-FEE496757D81:dpkg,EXECUTE,B265DA4A-F7A9-EF4B-378D-D8D546A75C5A,man-db.postinst,ta1-trace-2
1557885962.806:1820915827,374A2044-16D7-E60F-9260-707DECDC84B7:dpkg,FORK,CE3CE666-F8DC-6F20-4C8C-FEE496757D81,dpkg,ta1-trace-2
1557885962.574:1820905208,E84B679F-64F1-A9EF-7988-FD25D6302B7E:sudo,EXECUTE,374A2044-16D7-E60F-9260-707DECDC84B7,dpkg,ta1-trace-2
1557885962.574:1820905198,73FA48A0-8EA4-9DD4-D179-96786CB1ACFE:sudo,CHANGE_PRINCIPAL,E84B679F-64F1-A9EF-7988-FD25D6302B7E,sudo,ta1-trace-2
1557885962.574:1820905192,CE89AE54-3E45-619A-D375-E4128CE35E95:sudo,FORK,73FA48A0-8EA4-9DD4-D179-96786CB1ACFE,sudo,ta1-trace-2
1557885962.574:1820905152,70F86E50-E5CF-4526-A6CF-CD2B6C8FE30B:sudo,CHANGE_PRINCIPAL,CE89AE54-3E45-619A-D375-E4128CE35E95,sudo,ta1-trace-2
1557885962.574:1820905138,8CF11948-8F82-5893-1810-3517308484B2:sudo,CHANGE_PRINCIPAL,70F86E50-E5CF-4526-A6CF-CD2B6C8FE30B,sudo,ta1-trace-2
1557885962.574:1820905135,70F86E50-E5CF-4526-A6CF-CD2B6C8FE30B:sudo,CHANGE_PRINCIPAL,8CF11948-8F82-5893-1810-3517308484B2,sudo,ta1-trace-2
1557885962.574:1820905126,70F86E50-E5CF-4526-A6CF-CD2B6C8FE30B:sudo,MMAP,07E87BAE-732D-D58F-383B-111629036544,/etc/shadow,ta1-trace-2
1557885962.566:1820905102,70F86E50-E5CF-4526-A6CF-CD2B6C8FE30B:sudo,MMAP,07E87BAE-732D-D58F-383B-111629036544,/etc/shadow,ta1-trace-2
1557885962.462:1820904655,529809B4-7504-51BB-D03A-23C8208B7FBE:sudo,CHANGE_PRINCIPAL,70F86E50-E5CF-4526-A6CF-CD2B6C8FE30B,sudo,ta1-trace-2
1557885962.462:1820904642,8CF11948-8F82-5893-1810-3517308484B2:sudo,CHANGE_PRINCIPAL,529809B4-7504-51BB-D03A-23C8208B7FBE,sudo,ta1-trace-2
1557885962.462:1820904635,8CF11948-8F82-5893-1810-3517308484B2:sudo,READ,573E5010-1713-BD2C-2998-A48580BDA4D4,/etc/hosts,ta1-trace-2
1557885962.462:1820904633,8CF11948-8F82-5893-1810-3517308484B2:sudo,READ,573E5010-1713-BD2C-2998-A48580BDA4D4,/etc/hosts,ta1-trace-2
1557885962.462:1820904609,5EA570A3-6EB3-0723-5F16-342E5A457874:sudo,CHANGE_PRINCIPAL,8CF11948-8F82-5893-1810-3517308484B2,sudo,ta1-trace-2
1557885962.462:1820904604,8CF11948-8F82-5893-1810-3517308484B2:sudo,CHANGE_PRINCIPAL,5EA570A3-6EB3-0723-5F16-342E5A457874,sudo,ta1-trace-2
1557885962.462:1820904600,5EA570A3-6EB3-0723-5F16-342E5A457874:sudo,CHANGE_PRINCIPAL,8CF11948-8F82-5893-1810-3517308484B2,sudo,ta1-trace-2
1557885962.462:1820904595,8CF11948-8F82-5893-1810-3517308484B2:sudo,CHANGE_PRINCIPAL,5EA570A3-6EB3-0723-5F16-342E5A457874,sudo,ta1-trace-2
1557885962.462:1820904591,5EA570A3-6EB3-0723-5F16-342E5A457874:sudo,CHANGE_PRINCIPAL,8CF11948-8F82-5893-1810-3517308484B2,sudo,ta1-trace-2
1557885962.462:1820904586,8CF11948-8F82-5893-1810-3517308484B2:sudo,CHANGE_PRINCIPAL,5EA570A3-6EB3-0723-5F16-342E5A457874,sudo,ta1-trace-2
1557885962.462:1820904581,5EA570A3-6EB3-0723-5F16-342E5A457874:sudo,CHANGE_PRINCIPAL,8CF11948-8F82-5893-1810-3517308484B2,sudo,ta1-trace-2
1557885962.462:1820904577,70F86E50-E5CF-4526-A6CF-CD2B6C8FE30B:sudo,CHANGE_PRINCIPAL,5EA570A3-6EB3-0723-5F16-342E5A457874,sudo,ta1-trace-2
1557885962.462:1820904389,BA9816EA-6399-AD6E-F092-84A10789B2BA:bash,EXECUTE,70F86E50-E5CF-4526-A6CF-CD2B6C8FE30B,b'sudo dpkg -r xvnc4viewer',ta1-trace-2
1557885962.462:1820904389,3B895F82-8254-9641-DDAA-62C4A737A0D6:bash,CHANGE_PRINCIPAL,BA9816EA-6399-AD6E-F092-84A10789B2BA,bash,ta1-trace-2
1557885962.462:1820904383,3CA84D20-193C-6B03-E801-7BF98474F047:bash,FORK,3B895F82-8254-9641-DDAA-62C4A737A0D6,bash,ta1-trace-2
1557885961.686:1820899205,7239BF9B-4217-AB72-827F-A7464AA96F06:sshd,EXECUTE,3CA84D20-193C-6B03-E801-7BF98474F047,bash,ta1-trace-2
1557885961.686:1820899094,91CFF108-4DB1-ABE9-45A3-B9520996DAE3:sshd,FORK,7239BF9B-4217-AB72-827F-A7464AA96F06,sshd,ta1-trace-2
1557885961.686:1820898998,697C14AC-8C2E-AFBC-390C-2A491B154B9C:sshd,CHANGE_PRINCIPAL,91CFF108-4DB1-ABE9-45A3-B9520996DAE3,sshd,ta1-trace-2
1557885961.686:1820898975,DEF5E63E-AB76-20B5-2D7E-D6B9452A26E2:sshd,CHANGE_PRINCIPAL,697C14AC-8C2E-AFBC-390C-2A491B154B9C,sshd,ta1-trace-2
1557885961.686:1820898972,CA25D27E-D368-9ACC-67D8-91785AA4ADE1:sshd,FORK,DEF5E63E-AB76-20B5-2D7E-D6B9452A26E2,sshd,ta1-trace-2
1557885961.682:1820898845,724A390A-99FE-AFFF-1A04-F3FE68776C8F:update-motd-fsc,EXECUTE,DEC5954C-74F1-6D8A-176E-6D78BBE149F2,cat,ta1-trace-2
1557885961.682:1820898840,F483C4C7-2CE9-DCCD-40BF-05BD6C7B3096:update-motd-fsc,FORK,724A390A-99FE-AFFF-1A04-F3FE68776C8F,update-motd-fsc,ta1-trace-2
1557885961.678:1820898624,0177D7CF-9CF4-6912-8AF4-3C0AEE728656:98-fsck-at-rebo,EXECUTE,F483C4C7-2CE9-DCCD-40BF-05BD6C7B3096,update-motd-fsc,ta1-trace-2
1557885961.678:1820898602,3924593C-DF19-4F23-CA1A-903D7F63B73C:run-parts,EXECUTE,0177D7CF-9CF4-6912-8AF4-3C0AEE728656,98-fsck-at-rebo,ta1-trace-2
1557885961.678:1820898601,045FA49B-A519-3A8B-92BE-3DFCBD6E54CF:run-parts,FORK,3924593C-DF19-4F23-CA1A-903D7F63B73C,run-parts,ta1-trace-2
1557885961.678:1820898552,7A39D610-B339-AEFE-823B-46AD0590DCD9:update-motd-hwe,EXECUTE,9C3FEFEB-2BA4-636E-DF54-5BAEBEE5F018,cat,ta1-trace-2
1557885961.678:1820898550,86B9462A-D4AB-84C2-9887-A891B8D774FD:update-motd-hwe,FORK,7A39D610-B339-AEFE-823B-46AD0590DCD9,update-motd-hwe,ta1-trace-2
1557885961.654:1820897149,A657197D-A154-CAE6-76DB-88C63E29CBF3:95-hwe-eol,EXECUTE,86B9462A-D4AB-84C2-9887-A891B8D774FD,update-motd-hwe,ta1-trace-2
1557885961.654:1820897128,7F6D68B0-91EB-818C-607C-EB5A5FD79869:run-parts,EXECUTE,A657197D-A154-CAE6-76DB-88C63E29CBF3,95-hwe-eol,ta1-trace-2
1557885961.654:1820897127,045FA49B-A519-3A8B-92BE-3DFCBD6E54CF:run-parts,FORK,7F6D68B0-91EB-818C-607C-EB5A5FD79869,run-parts,ta1-trace-2
1557885961.618:1820896405,8868FBDC-992F-28D9-9B88-8A9E07606B31:update-motd-upd,EXECUTE,176AE3E8-BC87-DC7D-91A1-CC56A1D693B6,cat,ta1-trace-2
1557885961.618:1820896403,77BE8CD6-ECB6-0BAA-FB46-A1E6CFFA18D7:update-motd-upd,FORK,8868FBDC-992F-28D9-9B88-8A9E07606B31,update-motd-upd,ta1-trace-2
1557885961.598:1820895339,7E6A71EB-B55C-082E-868F-4E10E753E3B8:90-updates-avai,EXECUTE,77BE8CD6-ECB6-0BAA-FB46-A1E6CFFA18D7,update-motd-upd,ta1-trace-2
1557885961.598:1820895318,ECC5F2F1-9A6E-8F5C-80F0-0438F311077D:run-parts,EXECUTE,7E6A71EB-B55C-082E-868F-4E10E753E3B8,90-updates-avai,ta1-trace-2
1557885961.598:1820895317,045FA49B-A519-3A8B-92BE-3DFCBD6E54CF:run-parts,FORK,ECC5F2F1-9A6E-8F5C-80F0-0438F311077D,run-parts,ta1-trace-2
1557885961.442:1820886959,A647B21D-3AC1-2D8D-A6F6-5DDCA949EEDC:env,EXECUTE,045FA49B-A519-3A8B-92BE-3DFCBD6E54CF,run-parts,ta1-trace-2
1557885961.442:1820886940,E762BD50-B194-515F-ADF3-4D67B62A52C3:sh,EXECUTE,A647B21D-3AC1-2D8D-A6F6-5DDCA949EEDC,env,ta1-trace-2
1557885961.442:1820886939,700E53DD-BE1D-B5E0-B1F8-4993C2E548FB:sh,FORK,E762BD50-B194-515F-ADF3-4D67B62A52C3,sh,ta1-trace-2
1557885961.442:1820886914,EDE40951-72C4-C7F2-A7D5-365F377B5FB8:sshd,EXECUTE,700E53DD-BE1D-B5E0-B1F8-4993C2E548FB,sh,ta1-trace-2
1557885961.442:1820886909,CA25D27E-D368-9ACC-67D8-91785AA4ADE1:sshd,FORK,EDE40951-72C4-C7F2-A7D5-365F377B5FB8,sshd,ta1-trace-2
1557885961.414:1820886443,5C806ACC-410E-5FF4-B7CC-628A3D7E3896:sshd,CHANGE_PRINCIPAL,CA25D27E-D368-9ACC-67D8-91785AA4ADE1,sshd,ta1-trace-2
1557885961.414:1820886442,7A946EE7-6C06-A3C3-45D1-2904CEBE699C:sshd,CHANGE_PRINCIPAL,5C806ACC-410E-5FF4-B7CC-628A3D7E3896,sshd,ta1-trace-2
1557885961.414:1820886441,5C806ACC-410E-5FF4-B7CC-628A3D7E3896:sshd,CHANGE_PRINCIPAL,7A946EE7-6C06-A3C3-45D1-2904CEBE699C,sshd,ta1-trace-2
1557885961.414:1820886440,CA25D27E-D368-9ACC-67D8-91785AA4ADE1:sshd,CHANGE_PRINCIPAL,5C806ACC-410E-5FF4-B7CC-628A3D7E3896,sshd,ta1-trace-2
1557885961.410:1820886384,CA25D27E-D368-9ACC-67D8-91785AA4ADE1:sshd,MMAP,07E87BAE-732D-D58F-383B-111629036544,/etc/shadow,ta1-trace-2
1557885961.402:1820886328,CA25D27E-D368-9ACC-67D8-91785AA4ADE1:sshd,MMAP,07E87BAE-732D-D58F-383B-111629036544,/etc/shadow,ta1-trace-2
1557885961.298:1820885877,CA25D27E-D368-9ACC-67D8-91785AA4ADE1:sshd,READ,573E5010-1713-BD2C-2998-A48580BDA4D4,/etc/hosts,ta1-trace-2
1557885961.298:1820885876,CA25D27E-D368-9ACC-67D8-91785AA4ADE1:sshd,READ,573E5010-1713-BD2C-2998-A48580BDA4D4,/etc/hosts,ta1-trace-2
1557885961.194:1820885204,8BAEDBDF-2144-47E6-D6EB-7DDA090034A0:sshd,EXECUTE,CA25D27E-D368-9ACC-67D8-91785AA4ADE1,sshd,ta1-trace-2
1557885961.194:1820885183,DEF8FC47-7A9A-FBED-6B2A-08B2189BECCD:sshd,FORK,8BAEDBDF-2144-47E6-D6EB-7DDA090034A0,sshd,ta1-trace-2
1557885813.692:1820548915,11B631C7-08AF-6713-76D9-0AA4E788385E:update-motd-fsc,EXECUTE,3F5945DC-A751-596A-4347-62BE6EAE30A9,cat,ta1-trace-2
1557885813.692:1820548913,F6F0178F-5D5D-CB6C-86F0-544F75D07CF5:update-motd-fsc,FORK,11B631C7-08AF-6713-76D9-0AA4E788385E,update-motd-fsc,ta1-trace-2
1557885813.692:1820548698,05491BCC-168F-02A9-03CA-31007AEB0023:98-fsck-at-rebo,EXECUTE,F6F0178F-5D5D-CB6C-86F0-544F75D07CF5,update-motd-fsc,ta1-trace-2
1557885813.692:1820548676,0FEA8BDB-42E5-207D-09A1-BC24C6380847:run-parts,EXECUTE,05491BCC-168F-02A9-03CA-31007AEB0023,98-fsck-at-rebo,ta1-trace-2
1557885813.692:1820548675,F94AC6DB-9BAF-C03E-6FF0-C1F629E6658F:run-parts,FORK,0FEA8BDB-42E5-207D-09A1-BC24C6380847,run-parts,ta1-trace-2
1557885813.688:1820548614,522A6F72-FBF0-65F7-72FD-6572EA0D45B0:update-motd-hwe,EXECUTE,8E5CFB8D-72AD-F7AA-0DEB-8F8471D64CFA,cat,ta1-trace-2
1557885813.688:1820548610,2B39D0F8-CEA8-D309-58C6-835595F8CE8A:update-motd-hwe,FORK,522A6F72-FBF0-65F7-72FD-6572EA0D45B0,update-motd-hwe,ta1-trace-2
1557885813.672:1820547225,2F815511-4CEC-FF6E-7540-8A2ED4F13A7E:95-hwe-eol,EXECUTE,2B39D0F8-CEA8-D309-58C6-835595F8CE8A,update-motd-hwe,ta1-trace-2
1557885813.668:1820547204,818F307C-05A2-80B5-C236-F84BFAE83C5F:run-parts,EXECUTE,2F815511-4CEC-FF6E-7540-8A2ED4F13A7E,95-hwe-eol,ta1-trace-2
1557885813.668:1820547203,F94AC6DB-9BAF-C03E-6FF0-C1F629E6658F:run-parts,FORK,818F307C-05A2-80B5-C236-F84BFAE83C5F,run-parts,ta1-trace-2
1557885813.640:1820546506,D2733D34-B4FD-E619-E87F-5733DD814B95:update-motd-upd,EXECUTE,11248DE7-FCB5-B022-8FA1-DA9301F10431,cat,ta1-trace-2
1557885813.640:1820546504,796CF10D-BA37-2019-EADB-B40E0F60401F:update-motd-upd,FORK,D2733D34-B4FD-E619-E87F-5733DD814B95,update-motd-upd,ta1-trace-2
1557885813.624:1820545416,DA15CD80-D295-3A26-0833-DB4B724A0F50:90-updates-avai,EXECUTE,796CF10D-BA37-2019-EADB-B40E0F60401F,update-motd-upd,ta1-trace-2
1557885813.624:1820545395,67210FEA-EBE3-F51E-464D-6FDE6B3A5BC5:run-parts,EXECUTE,DA15CD80-D295-3A26-0833-DB4B724A0F50,90-updates-avai,ta1-trace-2
1557885813.624:1820545394,F94AC6DB-9BAF-C03E-6FF0-C1F629E6658F:run-parts,FORK,67210FEA-EBE3-F51E-464D-6FDE6B3A5BC5,run-parts,ta1-trace-2
1557885813.456:1820537211,F7674B41-8E9C-ED02-CBEF-ED4A6E597909:env,EXECUTE,F94AC6DB-9BAF-C03E-6FF0-C1F629E6658F,run-parts,ta1-trace-2
1557885813.456:1820537162,52DB6328-947E-07D8-818A-15D38A7FA446:sh,EXECUTE,F7674B41-8E9C-ED02-CBEF-ED4A6E597909,env,ta1-trace-2
1557885813.456:1820537157,E07AEB37-A2E8-3446-AAE1-073395E67C63:sh,FORK,52DB6328-947E-07D8-818A-15D38A7FA446,sh,ta1-trace-2
1557885813.452:1820537109,191E4ECD-ED83-5267-A4AE-CB73C092B1C7:sshd,EXECUTE,E07AEB37-A2E8-3446-AAE1-073395E67C63,sh,ta1-trace-2
1557885813.452:1820537027,09513FF5-E8CD-D091-9F08-A6D40C34E5DF:sshd,FORK,191E4ECD-ED83-5267-A4AE-CB73C092B1C7,sshd,ta1-trace-2
1557885813.432:1820536757,2AEFBEA1-87A3-49B3-C017-0992D945824A:sshd,CHANGE_PRINCIPAL,09513FF5-E8CD-D091-9F08-A6D40C34E5DF,sshd,ta1-trace-2
1557885813.432:1820536756,3C6DC1C1-1B52-79D9-688E-8B8FB5404B3A:sshd,CHANGE_PRINCIPAL,2AEFBEA1-87A3-49B3-C017-0992D945824A,sshd,ta1-trace-2
1557885813.432:1820536755,2AEFBEA1-87A3-49B3-C017-0992D945824A:sshd,CHANGE_PRINCIPAL,3C6DC1C1-1B52-79D9-688E-8B8FB5404B3A,sshd,ta1-trace-2
1557885813.432:1820536754,09513FF5-E8CD-D091-9F08-A6D40C34E5DF:sshd,CHANGE_PRINCIPAL,2AEFBEA1-87A3-49B3-C017-0992D945824A,sshd,ta1-trace-2
1557885813.428:1820536698,09513FF5-E8CD-D091-9F08-A6D40C34E5DF:sshd,MMAP,07E87BAE-732D-D58F-383B-111629036544,/etc/shadow,ta1-trace-2
1557885813.420:1820536646,09513FF5-E8CD-D091-9F08-A6D40C34E5DF:sshd,MMAP,07E87BAE-732D-D58F-383B-111629036544,/etc/shadow,ta1-trace-2
1557885813.316:1820536206,09513FF5-E8CD-D091-9F08-A6D40C34E5DF:sshd,READ,573E5010-1713-BD2C-2998-A48580BDA4D4,/etc/hosts,ta1-trace-2
1557885813.316:1820536205,09513FF5-E8CD-D091-9F08-A6D40C34E5DF:sshd,READ,573E5010-1713-BD2C-2998-A48580BDA4D4,/etc/hosts,ta1-trace-2
1557885813.212:1820535538,14810BDD-56F2-C78F-9EA1-A17099976E1B:sshd,EXECUTE,09513FF5-E8CD-D091-9F08-A6D40C34E5DF,sshd,ta1-trace-2
1557885813.212:1820535511,DEF8FC47-7A9A-FBED-6B2A-08B2189BECCD:sshd,FORK,14810BDD-56F2-C78F-9EA1-A17099976E1B,sshd,ta1-trace-2
1557885793.636:1820482850,592DF7D8-6AD0-03A0-25FA-69860AD30909:update-motd-fsc,EXECUTE,46B70C35-6A42-E43C-7393-3FE59FFC919D,cat,ta1-trace-2
1557885793.636:1820482848,09692A21-9E8D-D4CA-57F1-407EEC0040DA:update-motd-fsc,FORK,592DF7D8-6AD0-03A0-25FA-69860AD30909,update-motd-fsc,ta1-trace-2
1557885793.632:1820482632,CC6C8BBF-2172-52BA-636B-74472EB0C773:98-fsck-at-rebo,EXECUTE,09692A21-9E8D-D4CA-57F1-407EEC0040DA,update-motd-fsc,ta1-trace-2
1557885793.632:1820482610,172F738E-5491-1E89-C5CE-B57E2B78C0FD:run-parts,EXECUTE,CC6C8BBF-2172-52BA-636B-74472EB0C773,98-fsck-at-rebo,ta1-trace-2
1557885793.632:1820482609,97C02939-5C8B-32EC-624A-A26DDD6D7C8C:run-parts,FORK,172F738E-5491-1E89-C5CE-B57E2B78C0FD,run-parts,ta1-trace-2
1557885793.632:1820482561,112EB81F-8A3A-F9B1-37B0-76E36DFDA692:update-motd-hwe,EXECUTE,7CD8EB4D-0E6B-0864-4E2E-F64681417DC5,cat,ta1-trace-2
1557885793.632:1820482559,5CE2CC6E-7331-8AD4-3DB3-8C00ACC1BDDE:update-motd-hwe,FORK,112EB81F-8A3A-F9B1-37B0-76E36DFDA692,update-motd-hwe,ta1-trace-2
1557885793.504:1820479870,B0432011-1B02-7ACA-7B18-9136FCC0E3FC:95-hwe-eol,EXECUTE,5CE2CC6E-7331-8AD4-3DB3-8C00ACC1BDDE,update-motd-hwe,ta1-trace-2
1557885793.504:1820479849,718C6B9E-6235-83BC-4CF1-ADC64BE9608A:run-parts,EXECUTE,B0432011-1B02-7ACA-7B18-9136FCC0E3FC,95-hwe-eol,ta1-trace-2
1557885793.504:1820479848,97C02939-5C8B-32EC-624A-A26DDD6D7C8C:run-parts,FORK,718C6B9E-6235-83BC-4CF1-ADC64BE9608A,run-parts,ta1-trace-2
1557885793.468:1820479122,27832E93-53DB-7B57-1C68-F6A6FC0648B5:update-motd-upd,EXECUTE,8ABAF5FF-E2A4-B4EC-2347-7E7B4560C10C,cat,ta1-trace-2
1557885793.468:1820479120,45A26ABB-13E4-4BF0-C273-EAD65FDE2E66:update-motd-upd,FORK,27832E93-53DB-7B57-1C68-F6A6FC0648B5,update-motd-upd,ta1-trace-2
1557885793.452:1820478055,BF35B9AD-DC35-A70E-3485-36F897DA5762:90-updates-avai,EXECUTE,45A26ABB-13E4-4BF0-C273-EAD65FDE2E66,update-motd-upd,ta1-trace-2
1557885793.452:1820478034,E18C91D3-6D4C-1A56-578F-E3EDEE8F48E8:run-parts,EXECUTE,BF35B9AD-DC35-A70E-3485-36F897DA5762,90-updates-avai,ta1-trace-2
1557885793.452:1820478033,97C02939-5C8B-32EC-624A-A26DDD6D7C8C:run-parts,FORK,E18C91D3-6D4C-1A56-578F-E3EDEE8F48E8,run-parts,ta1-trace-2
1557885793.300:1820469810,79512A03-BAC5-A041-3DA3-AE97A1CE32C5:env,EXECUTE,97C02939-5C8B-32EC-624A-A26DDD6D7C8C,run-parts,ta1-trace-2
1557885793.296:1820469784,CC71289A-24B4-1059-0C27-005457584145:sh,EXECUTE,79512A03-BAC5-A041-3DA3-AE97A1CE32C5,env,ta1-trace-2
1557885793.296:1820469778,AFE49150-1CC0-5C8A-CBA5-A11E62CC3E70:sh,FORK,CC71289A-24B4-1059-0C27-005457584145,sh,ta1-trace-2
1557885793.296:1820469745,926B5C3B-9C1D-2A33-12FB-77F0C61C99BC:sshd,EXECUTE,AFE49150-1CC0-5C8A-CBA5-A11E62CC3E70,sh,ta1-trace-2
1557885793.296:1820469744,8E5E7644-9B4F-9AB9-A182-AFECE9CBCA61:sshd,FORK,926B5C3B-9C1D-2A33-12FB-77F0C61C99BC,sshd,ta1-trace-2
1557885793.260:1820469156,2B526BEC-B1A8-E35B-BFC6-0FE2F9022775:sshd,CHANGE_PRINCIPAL,8E5E7644-9B4F-9AB9-A182-AFECE9CBCA61,sshd,ta1-trace-2
1557885793.260:1820469155,878343F8-7294-C20C-5B1D-F9F373F17882:sshd,CHANGE_PRINCIPAL,2B526BEC-B1A8-E35B-BFC6-0FE2F9022775,sshd,ta1-trace-2
1557885793.260:1820469154,2B526BEC-B1A8-E35B-BFC6-0FE2F9022775:sshd,CHANGE_PRINCIPAL,878343F8-7294-C20C-5B1D-F9F373F17882,sshd,ta1-trace-2
1557885793.260:1820469153,8E5E7644-9B4F-9AB9-A182-AFECE9CBCA61:sshd,CHANGE_PRINCIPAL,2B526BEC-B1A8-E35B-BFC6-0FE2F9022775,sshd,ta1-trace-2
1557885793.260:1820469091,8E5E7644-9B4F-9AB9-A182-AFECE9CBCA61:sshd,MMAP,07E87BAE-732D-D58F-383B-111629036544,/etc/shadow,ta1-trace-2
1557885793.252:1820469041,8E5E7644-9B4F-9AB9-A182-AFECE9CBCA61:sshd,MMAP,07E87BAE-732D-D58F-383B-111629036544,/etc/shadow,ta1-trace-2
1557885793.148:1820468559,8E5E7644-9B4F-9AB9-A182-AFECE9CBCA61:sshd,READ,573E5010-1713-BD2C-2998-A48580BDA4D4,/etc/hosts,ta1-trace-2
1557885793.148:1820468558,8E5E7644-9B4F-9AB9-A182-AFECE9CBCA61:sshd,READ,573E5010-1713-BD2C-2998-A48580BDA4D4,/etc/hosts,ta1-trace-2
1557885793.076:1820467945,18856013-BFEE-6E53-A822-3349CC1840EF:sshd,EXECUTE,8E5E7644-9B4F-9AB9-A182-AFECE9CBCA61,sshd,ta1-trace-2
1557885793.076:1820467924,DEF8FC47-7A9A-FBED-6B2A-08B2189BECCD:sshd,FORK,18856013-BFEE-6E53-A822-3349CC1840EF,sshd,ta1-trace-2
1557885753.847:1820347236,C0C8D278-4F85-B6FE-A83B-0B3BF95E98B2:perl,MMAP,07E87BAE-732D-D58F-383B-111629036544,/etc/shadow,ta1-trace-2
1557885753.847:1820347126,A9864B1E-DAC9-FCDB-CD76-13D6383F0196:man-db.postinst,EXECUTE,C0C8D278-4F85-B6FE-A83B-0B3BF95E98B2,perl,ta1-trace-2
1557885753.847:1820347124,46964120-452B-4264-A51F-251CB1735684:man-db.postinst,FORK,A9864B1E-DAC9-FCDB-CD76-13D6383F0196,man-db.postinst,ta1-trace-2
1557885753.847:1820347103,173D0CF9-11A4-AC75-6A5B-C3D5DEFE3ED7:dpkg,EXECUTE,46964120-452B-4264-A51F-251CB1735684,man-db.postinst,ta1-trace-2
1557885753.847:1820347102,5884C936-84A2-B38A-BB8A-5941C07CE906:dpkg,FORK,173D0CF9-11A4-AC75-6A5B-C3D5DEFE3ED7,dpkg,ta1-trace-2
1557885753.475:1820335708,6D27FBC6-56F6-7771-98E4-100C9F1F0C2F:sudo,EXECUTE,5884C936-84A2-B38A-BB8A-5941C07CE906,dpkg,ta1-trace-2
1557885753.475:1820335698,EC38C3A9-EA2B-A5E2-48B8-9C3415658F29:sudo,CHANGE_PRINCIPAL,6D27FBC6-56F6-7771-98E4-100C9F1F0C2F,sudo,ta1-trace-2
1557885753.475:1820335692,0D3DCD58-1B8F-64BB-5D23-1F15A3D7F093:sudo,FORK,EC38C3A9-EA2B-A5E2-48B8-9C3415658F29,sudo,ta1-trace-2
1557885753.471:1820335652,D643970D-9F52-DE8E-D48A-C66A65EF794C:sudo,CHANGE_PRINCIPAL,0D3DCD58-1B8F-64BB-5D23-1F15A3D7F093,sudo,ta1-trace-2
1557885753.471:1820335639,5BD76B51-8F7B-C092-ACE2-4D688B49A54E:sudo,CHANGE_PRINCIPAL,D643970D-9F52-DE8E-D48A-C66A65EF794C,sudo,ta1-trace-2
1557885753.471:1820335635,D643970D-9F52-DE8E-D48A-C66A65EF794C:sudo,CHANGE_PRINCIPAL,5BD76B51-8F7B-C092-ACE2-4D688B49A54E,sudo,ta1-trace-2
1557885753.471:1820335446,9DDC186C-DC78-688F-A617-B83276460C4A:sudo,CHANGE_PRINCIPAL,D643970D-9F52-DE8E-D48A-C66A65EF794C,sudo,ta1-trace-2
1557885753.471:1820335435,5BD76B51-8F7B-C092-ACE2-4D688B49A54E:sudo,CHANGE_PRINCIPAL,9DDC186C-DC78-688F-A617-B83276460C4A,sudo,ta1-trace-2
1557885753.471:1820335428,5BD76B51-8F7B-C092-ACE2-4D688B49A54E:sudo,READ,573E5010-1713-BD2C-2998-A48580BDA4D4,/etc/hosts,ta1-trace-2
1557885753.471:1820335427,5BD76B51-8F7B-C092-ACE2-4D688B49A54E:sudo,READ,573E5010-1713-BD2C-2998-A48580BDA4D4,/etc/hosts,ta1-trace-2
1557885753.471:1820335405,92A5A727-D9F9-A1DE-D716-374D96E30C0F:sudo,CHANGE_PRINCIPAL,5BD76B51-8F7B-C092-ACE2-4D688B49A54E,sudo,ta1-trace-2
1557885753.471:1820335401,5BD76B51-8F7B-C092-ACE2-4D688B49A54E:sudo,CHANGE_PRINCIPAL,92A5A727-D9F9-A1DE-D716-374D96E30C0F,sudo,ta1-trace-2
1557885753.471:1820335397,92A5A727-D9F9-A1DE-D716-374D96E30C0F:sudo,CHANGE_PRINCIPAL,5BD76B51-8F7B-C092-ACE2-4D688B49A54E,sudo,ta1-trace-2
1557885753.471:1820335393,5BD76B51-8F7B-C092-ACE2-4D688B49A54E:sudo,CHANGE_PRINCIPAL,92A5A727-D9F9-A1DE-D716-374D96E30C0F,sudo,ta1-trace-2
1557885753.471:1820335389,92A5A727-D9F9-A1DE-D716-374D96E30C0F:sudo,CHANGE_PRINCIPAL,5BD76B51-8F7B-C092-ACE2-4D688B49A54E,sudo,ta1-trace-2
1557885753.471:1820335385,5BD76B51-8F7B-C092-ACE2-4D688B49A54E:sudo,CHANGE_PRINCIPAL,92A5A727-D9F9-A1DE-D716-374D96E30C0F,sudo,ta1-trace-2
1557885753.471:1820335381,92A5A727-D9F9-A1DE-D716-374D96E30C0F:sudo,CHANGE_PRINCIPAL,5BD76B51-8F7B-C092-ACE2-4D688B49A54E,sudo,ta1-trace-2
1557885753.471:1820335377,D643970D-9F52-DE8E-D48A-C66A65EF794C:sudo,CHANGE_PRINCIPAL,92A5A727-D9F9-A1DE-D716-374D96E30C0F,sudo,ta1-trace-2
1557885753.467:1820335178,AA6B8F1E-6EE8-D849-E55B-58B1213599BF:bash,EXECUTE,D643970D-9F52-DE8E-D48A-C66A65EF794C,b'sudo dpkg -i xvnc4viewer.deb',ta1-trace-2
1557885753.467:1820335178,AC9D9BAB-2D44-FC25-0DD7-D139F09354B3:bash,CHANGE_PRINCIPAL,AA6B8F1E-6EE8-D849-E55B-58B1213599BF,bash,ta1-trace-2
1557885753.467:1820335172,4BAD3701-CA8B-DDED-1F7A-C8088BAABCE8:bash,FORK,AC9D9BAB-2D44-FC25-0DD7-D139F09354B3,bash,ta1-trace-2
1557885752.227:1820297467,B1884559-528A-98DE-6A89-702AE247E245:perl,MMAP,07E87BAE-732D-D58F-383B-111629036544,/etc/shadow,ta1-trace-2
1557885752.207:1820297331,32E6DAFF-C89D-F0C6-7119-E1988EC5DD3F:man-db.postinst,EXECUTE,B1884559-528A-98DE-6A89-702AE247E245,perl,ta1-trace-2
1557885752.207:1820297296,F4F40C20-1E67-4911-D20E-8C820C826DF4:man-db.postinst,FORK,32E6DAFF-C89D-F0C6-7119-E1988EC5DD3F,man-db.postinst,ta1-trace-2
1557885752.207:1820297275,294522E5-CB56-DD52-4E6E-0E2AE399EB1D:dpkg,EXECUTE,F4F40C20-1E67-4911-D20E-8C820C826DF4,man-db.postinst,ta1-trace-2
1557885752.207:1820297274,CBA438E4-311A-0461-D717-414F5119004A:dpkg,FORK,294522E5-CB56-DD52-4E6E-0E2AE399EB1D,dpkg,ta1-trace-2
1557885751.583:1820285010,9E6479CA-ECA0-CB5A-A40A-28A9B79BD23B:sudo,EXECUTE,CBA438E4-311A-0461-D717-414F5119004A,dpkg,ta1-trace-2
1557885751.583:1820285000,B1936D8D-34CF-3698-49C4-A547EBAF1E41:sudo,CHANGE_PRINCIPAL,9E6479CA-ECA0-CB5A-A40A-28A9B79BD23B,sudo,ta1-trace-2
1557885751.583:1820284994,6E9B0B5E-7142-CFFA-10C7-E61528FA4E68:sudo,FORK,B1936D8D-34CF-3698-49C4-A547EBAF1E41,sudo,ta1-trace-2
1557885751.583:1820284954,81077AAC-456F-9FCD-DC96-49A644C15938:sudo,CHANGE_PRINCIPAL,6E9B0B5E-7142-CFFA-10C7-E61528FA4E68,sudo,ta1-trace-2
1557885751.583:1820284941,3DF173DD-0F79-8BAD-4706-DCB02D166574:sudo,CHANGE_PRINCIPAL,81077AAC-456F-9FCD-DC96-49A644C15938,sudo,ta1-trace-2
1557885751.583:1820284937,81077AAC-456F-9FCD-DC96-49A644C15938:sudo,CHANGE_PRINCIPAL,3DF173DD-0F79-8BAD-4706-DCB02D166574,sudo,ta1-trace-2
1557885751.583:1820284928,81077AAC-456F-9FCD-DC96-49A644C15938:sudo,MMAP,07E87BAE-732D-D58F-383B-111629036544,/etc/shadow,ta1-trace-2
1557885751.579:1820284876,81077AAC-456F-9FCD-DC96-49A644C15938:sudo,MMAP,07E87BAE-732D-D58F-383B-111629036544,/etc/shadow,ta1-trace-2
1557885751.475:1820284431,031C5A23-C24E-9BA6-4D03-24B12F4B9E99:sudo,CHANGE_PRINCIPAL,81077AAC-456F-9FCD-DC96-49A644C15938,sudo,ta1-trace-2
1557885751.475:1820284420,3DF173DD-0F79-8BAD-4706-DCB02D166574:sudo,CHANGE_PRINCIPAL,031C5A23-C24E-9BA6-4D03-24B12F4B9E99,sudo,ta1-trace-2
1557885751.475:1820284413,3DF173DD-0F79-8BAD-4706-DCB02D166574:sudo,READ,573E5010-1713-BD2C-2998-A48580BDA4D4,/etc/hosts,ta1-trace-2
1557885751.475:1820284412,3DF173DD-0F79-8BAD-4706-DCB02D166574:sudo,READ,573E5010-1713-BD2C-2998-A48580BDA4D4,/etc/hosts,ta1-trace-2
1557885751.475:1820284390,258B63B3-3606-EBB9-F63E-B693B0452EF3:sudo,CHANGE_PRINCIPAL,3DF173DD-0F79-8BAD-4706-DCB02D166574,sudo,ta1-trace-2
1557885751.475:1820284386,3DF173DD-0F79-8BAD-4706-DCB02D166574:sudo,CHANGE_PRINCIPAL,258B63B3-3606-EBB9-F63E-B693B0452EF3,sudo,ta1-trace-2
1557885751.475:1820284382,258B63B3-3606-EBB9-F63E-B693B0452EF3:sudo,CHANGE_PRINCIPAL,3DF173DD-0F79-8BAD-4706-DCB02D166574,sudo,ta1-trace-2
1557885751.475:1820284378,3DF173DD-0F79-8BAD-4706-DCB02D166574:sudo,CHANGE_PRINCIPAL,258B63B3-3606-EBB9-F63E-B693B0452EF3,sudo,ta1-trace-2
1557885751.475:1820284374,258B63B3-3606-EBB9-F63E-B693B0452EF3:sudo,CHANGE_PRINCIPAL,3DF173DD-0F79-8BAD-4706-DCB02D166574,sudo,ta1-trace-2
1557885751.475:1820284370,3DF173DD-0F79-8BAD-4706-DCB02D166574:sudo,CHANGE_PRINCIPAL,258B63B3-3606-EBB9-F63E-B693B0452EF3,sudo,ta1-trace-2
1557885751.475:1820284366,258B63B3-3606-EBB9-F63E-B693B0452EF3:sudo,CHANGE_PRINCIPAL,3DF173DD-0F79-8BAD-4706-DCB02D166574,sudo,ta1-trace-2
1557885751.475:1820284362,81077AAC-456F-9FCD-DC96-49A644C15938:sudo,CHANGE_PRINCIPAL,258B63B3-3606-EBB9-F63E-B693B0452EF3,sudo,ta1-trace-2
1557885751.471:1820284187,E1BC6990-60BE-9A0B-9A1A-7A0EAF7EA760:bash,EXECUTE,81077AAC-456F-9FCD-DC96-49A644C15938,b'sudo dpkg -r xvnc4viewer',ta1-trace-2
1557885751.471:1820284187,97907A77-59E6-649B-CB20-6713205DEDC3:bash,CHANGE_PRINCIPAL,E1BC6990-60BE-9A0B-9A1A-7A0EAF7EA760,bash,ta1-trace-2
1557885751.471:1820284181,4BAD3701-CA8B-DDED-1F7A-C8088BAABCE8:bash,FORK,97907A77-59E6-649B-CB20-6713205DEDC3,bash,ta1-trace-2
1557885750.671:1820278934,61875DA8-20C5-1D60-AE15-772ABA170D66:sshd,EXECUTE,4BAD3701-CA8B-DDED-1F7A-C8088BAABCE8,bash,ta1-trace-2
1557885750.667:1820278827,B4101E55-AC2E-1509-72B1-4AEBE2C43620:sshd,FORK,61875DA8-20C5-1D60-AE15-772ABA170D66,sshd,ta1-trace-2
1557885750.667:1820278755,5286181F-6B43-24F2-9138-D159BA727859:sshd,CHANGE_PRINCIPAL,B4101E55-AC2E-1509-72B1-4AEBE2C43620,sshd,ta1-trace-2
1557885750.667:1820278733,F9CAFEBC-3360-3836-1E57-15436B644941:sshd,CHANGE_PRINCIPAL,5286181F-6B43-24F2-9138-D159BA727859,sshd,ta1-trace-2
1557885750.667:1820278712,75010EB1-0A0B-5E9F-1860-8FB8DA2ADDF0:sshd,FORK,F9CAFEBC-3360-3836-1E57-15436B644941,sshd,ta1-trace-2
1557885750.663:1820278575,AB45F4B7-A06B-7FEB-E526-9F32E42851A0:update-motd-fsc,EXECUTE,AB18C817-C08C-BF96-EA67-17BA01C6FE20,cat,ta1-trace-2
1557885750.663:1820278573,0600F50A-536D-1B14-92C3-C5D6D5922157:update-motd-fsc,FORK,AB45F4B7-A06B-7FEB-E526-9F32E42851A0,update-motd-fsc,ta1-trace-2
1557885750.663:1820278358,63F0BE12-13B0-9C37-24E5-E5DBB7BB6228:98-fsck-at-rebo,EXECUTE,0600F50A-536D-1B14-92C3-C5D6D5922157,update-motd-fsc,ta1-trace-2
1557885750.659:1820278336,06E96664-0771-8BDF-CCEF-4174252F5742:run-parts,EXECUTE,63F0BE12-13B0-9C37-24E5-E5DBB7BB6228,98-fsck-at-rebo,ta1-trace-2
1557885750.659:1820278335,ADA2D9BA-1F1C-5AAE-00C9-1A2D2ED2D968:run-parts,FORK,06E96664-0771-8BDF-CCEF-4174252F5742,run-parts,ta1-trace-2
1557885750.659:1820278286,7DBF63F4-4163-347A-0F56-E193BB909C56:update-motd-hwe,EXECUTE,0FB2EA0F-CB7A-4E98-69B6-69BDEE6B6A97,cat,ta1-trace-2
1557885750.659:1820278284,C6E3D792-6D54-3FF0-4C61-963AB4B697AB:update-motd-hwe,FORK,7DBF63F4-4163-347A-0F56-E193BB909C56,update-motd-hwe,ta1-trace-2
1557885750.639:1820276901,6A654A4A-EB69-CC11-9798-13E35C4A5E4C:95-hwe-eol,EXECUTE,C6E3D792-6D54-3FF0-4C61-963AB4B697AB,update-motd-hwe,ta1-trace-2
1557885750.639:1820276873,07F2AAE4-DBBF-918B-F0CD-51311FE4038E:run-parts,EXECUTE,6A654A4A-EB69-CC11-9798-13E35C4A5E4C,95-hwe-eol,ta1-trace-2
1557885750.639:1820276867,ADA2D9BA-1F1C-5AAE-00C9-1A2D2ED2D968:run-parts,FORK,07F2AAE4-DBBF-918B-F0CD-51311FE4038E,run-parts,ta1-trace-2
1557885750.607:1820275462,D3E936A3-27B4-E0FF-98B7-FB905702E96F:update-motd-upd,EXECUTE,23717FB3-3A96-6699-3143-9944B61B4F05,cat,ta1-trace-2
1557885750.607:1820275460,663F5CA1-8E9F-1F01-7A64-5CB07DB9EED6:update-motd-upd,FORK,D3E936A3-27B4-E0FF-98B7-FB905702E96F,update-motd-upd,ta1-trace-2
1557885750.591:1820274400,89C89D3A-1DF2-74AD-DCD5-EB149C9BDCE0:90-updates-avai,EXECUTE,663F5CA1-8E9F-1F01-7A64-5CB07DB9EED6,update-motd-upd,ta1-trace-2
1557885750.591:1820274379,F9A835B6-1005-A40C-0113-90D6F983D65C:run-parts,EXECUTE,89C89D3A-1DF2-74AD-DCD5-EB149C9BDCE0,90-updates-avai,ta1-trace-2
1557885750.591:1820274378,ADA2D9BA-1F1C-5AAE-00C9-1A2D2ED2D968:run-parts,FORK,F9A835B6-1005-A40C-0113-90D6F983D65C,run-parts,ta1-trace-2
1557885750.439:1820266149,FF6BA078-38FD-884A-9734-7EF11BE4C47D:env,EXECUTE,ADA2D9BA-1F1C-5AAE-00C9-1A2D2ED2D968,run-parts,ta1-trace-2
1557885750.439:1820266133,BE1593D1-8F41-DE6F-49FF-4D81078A4041:sh,EXECUTE,FF6BA078-38FD-884A-9734-7EF11BE4C47D,env,ta1-trace-2
1557885750.439:1820266124,EC97F95C-91AF-9B10-90F2-A907F006CD7B:sh,FORK,BE1593D1-8F41-DE6F-49FF-4D81078A4041,sh,ta1-trace-2
1557885750.435:1820266072,34590319-F15F-E60C-7420-35B2A2F802AC:sshd,EXECUTE,EC97F95C-91AF-9B10-90F2-A907F006CD7B,sh,ta1-trace-2
1557885750.435:1820266037,75010EB1-0A0B-5E9F-1860-8FB8DA2ADDF0:sshd,FORK,34590319-F15F-E60C-7420-35B2A2F802AC,sshd,ta1-trace-2
1557885750.415:1820265534,E6BB7E00-A8F8-64D5-541D-F5B8E885F881:sshd,CHANGE_PRINCIPAL,75010EB1-0A0B-5E9F-1860-8FB8DA2ADDF0,sshd,ta1-trace-2
1557885750.415:1820265533,1B46BCFC-565D-5A70-8367-3B716635BFBA:sshd,CHANGE_PRINCIPAL,E6BB7E00-A8F8-64D5-541D-F5B8E885F881,sshd,ta1-trace-2
1557885750.415:1820265532,E6BB7E00-A8F8-64D5-541D-F5B8E885F881:sshd,CHANGE_PRINCIPAL,1B46BCFC-565D-5A70-8367-3B716635BFBA,sshd,ta1-trace-2
1557885750.415:1820265531,75010EB1-0A0B-5E9F-1860-8FB8DA2ADDF0:sshd,CHANGE_PRINCIPAL,E6BB7E00-A8F8-64D5-541D-F5B8E885F881,sshd,ta1-trace-2
1557885750.411:1820265470,75010EB1-0A0B-5E9F-1860-8FB8DA2ADDF0:sshd,MMAP,07E87BAE-732D-D58F-383B-111629036544,/etc/shadow,ta1-trace-2
1557885750.403:1820265438,75010EB1-0A0B-5E9F-1860-8FB8DA2ADDF0:sshd,MMAP,07E87BAE-732D-D58F-383B-111629036544,/etc/shadow,ta1-trace-2
1557885750.299:1820264956,75010EB1-0A0B-5E9F-1860-8FB8DA2ADDF0:sshd,READ,573E5010-1713-BD2C-2998-A48580BDA4D4,/etc/hosts,ta1-trace-2
1557885750.299:1820264955,75010EB1-0A0B-5E9F-1860-8FB8DA2ADDF0:sshd,READ,573E5010-1713-BD2C-2998-A48580BDA4D4,/etc/hosts,ta1-trace-2
1557885750.195:1820264263,9C781097-DBA0-D21D-C64F-C0CC53917BD6:sshd,EXECUTE,75010EB1-0A0B-5E9F-1860-8FB8DA2ADDF0,sshd,ta1-trace-2
1557885750.195:1820264238,DEF8FC47-7A9A-FBED-6B2A-08B2189BECCD:sshd,FORK,9C781097-DBA0-D21D-C64F-C0CC53917BD6,sshd,ta1-trace-2
1557885472.073:1819632185,BC807408-8D51-A428-D39E-BD3A1A348059:update-motd-fsc,EXECUTE,574195BB-791B-DB6C-AE3D-42AF1E48F829,cat,ta1-trace-2
1557885472.073:1819632183,FB35C013-2E87-20D2-C3BC-03AA6A8F2453:update-motd-fsc,FORK,BC807408-8D51-A428-D39E-BD3A1A348059,update-motd-fsc,ta1-trace-2
1557885472.069:1819631944,493361B9-F12E-2F7C-C1EC-5B72C7112DE0:98-fsck-at-rebo,EXECUTE,FB35C013-2E87-20D2-C3BC-03AA6A8F2453,update-motd-fsc,ta1-trace-2
1557885472.069:1819631921,E93992F4-2C9C-EC58-8144-608476EF055B:run-parts,EXECUTE,493361B9-F12E-2F7C-C1EC-5B72C7112DE0,98-fsck-at-rebo,ta1-trace-2
1557885472.069:1819631920,00E9259E-36D5-CBA7-E1A3-2411A0136F0A:run-parts,FORK,E93992F4-2C9C-EC58-8144-608476EF055B,run-parts,ta1-trace-2
1557885472.069:1819631871,077A8ADE-589E-54E2-B2AD-07440AD05900:update-motd-hwe,EXECUTE,0EFD7FC6-9971-E5EA-65F1-F0C11CFFB56E,cat,ta1-trace-2
1557885472.069:1819631867,D184A6CD-00D4-C6E2-C6B5-3F1722FF7E65:update-motd-hwe,FORK,077A8ADE-589E-54E2-B2AD-07440AD05900,update-motd-hwe,ta1-trace-2
1557885472.041:1819630465,069A1696-2B13-402E-1DBF-0E82F60BDDB5:95-hwe-eol,EXECUTE,D184A6CD-00D4-C6E2-C6B5-3F1722FF7E65,update-motd-hwe,ta1-trace-2
1557885472.041:1819630444,D8CB1A97-E625-942D-1FE5-B86297D4F7A3:run-parts,EXECUTE,069A1696-2B13-402E-1DBF-0E82F60BDDB5,95-hwe-eol,ta1-trace-2
1557885472.041:1819630443,00E9259E-36D5-CBA7-E1A3-2411A0136F0A:run-parts,FORK,D8CB1A97-E625-942D-1FE5-B86297D4F7A3,run-parts,ta1-trace-2
1557885472.009:1819629742,04C83007-6833-32CF-BA76-07BD551C09BC:update-motd-upd,EXECUTE,4B794D27-8113-CC16-3096-8A792E33F6C4,cat,ta1-trace-2
1557885472.009:1819629740,ADD5A4FE-9783-B694-E345-61B5AF67D1E7:update-motd-upd,FORK,04C83007-6833-32CF-BA76-07BD551C09BC,update-motd-upd,ta1-trace-2
1557885471.989:1819628649,7BC8B975-15A4-19A5-D08E-9F7C602B8562:90-updates-avai,EXECUTE,ADD5A4FE-9783-B694-E345-61B5AF67D1E7,update-motd-upd,ta1-trace-2
1557885471.989:1819628628,E4A2C187-C7CB-43B0-12E5-78E13CCDC00C:run-parts,EXECUTE,7BC8B975-15A4-19A5-D08E-9F7C602B8562,90-updates-avai,ta1-trace-2
1557885471.989:1819628627,00E9259E-36D5-CBA7-E1A3-2411A0136F0A:run-parts,FORK,E4A2C187-C7CB-43B0-12E5-78E13CCDC00C,run-parts,ta1-trace-2
1557885471.693:1819620140,06C816A4-12FF-6884-9254-211B8E5F89C0:env,EXECUTE,00E9259E-36D5-CBA7-E1A3-2411A0136F0A,run-parts,ta1-trace-2
1557885471.689:1819620122,E45B3EDB-2064-0B6D-7BDF-C8908B68E275:sh,EXECUTE,06C816A4-12FF-6884-9254-211B8E5F89C0,env,ta1-trace-2
1557885471.689:1819620082,8BAB0AED-E12A-0C9D-75E4-85F1BC66A2EE:sh,FORK,E45B3EDB-2064-0B6D-7BDF-C8908B68E275,sh,ta1-trace-2
1557885471.689:1819620042,F6D45E3A-67A3-EAD7-0967-22913FBB65EE:sshd,EXECUTE,8BAB0AED-E12A-0C9D-75E4-85F1BC66A2EE,sh,ta1-trace-2
1557885471.689:1819619985,61DCA706-0947-7C3F-224D-ED7E4E20A943:sshd,FORK,F6D45E3A-67A3-EAD7-0967-22913FBB65EE,sshd,ta1-trace-2
1557885471.665:1819619563,6EEE7A54-9CA0-1F6D-9293-5A811714688C:sshd,CHANGE_PRINCIPAL,61DCA706-0947-7C3F-224D-ED7E4E20A943,sshd,ta1-trace-2
1557885471.665:1819619562,18E37C11-318A-1D1E-0A76-3682E58999A5:sshd,CHANGE_PRINCIPAL,6EEE7A54-9CA0-1F6D-9293-5A811714688C,sshd,ta1-trace-2
1557885471.665:1819619561,6EEE7A54-9CA0-1F6D-9293-5A811714688C:sshd,CHANGE_PRINCIPAL,18E37C11-318A-1D1E-0A76-3682E58999A5,sshd,ta1-trace-2
1557885471.665:1819619560,61DCA706-0947-7C3F-224D-ED7E4E20A943:sshd,CHANGE_PRINCIPAL,6EEE7A54-9CA0-1F6D-9293-5A811714688C,sshd,ta1-trace-2
1557885471.661:1819619500,61DCA706-0947-7C3F-224D-ED7E4E20A943:sshd,MMAP,07E87BAE-732D-D58F-383B-111629036544,/etc/shadow,ta1-trace-2
1557885471.649:1819619455,61DCA706-0947-7C3F-224D-ED7E4E20A943:sshd,MMAP,07E87BAE-732D-D58F-383B-111629036544,/etc/shadow,ta1-trace-2
1557885471.549:1819618979,61DCA706-0947-7C3F-224D-ED7E4E20A943:sshd,READ,573E5010-1713-BD2C-2998-A48580BDA4D4,/etc/hosts,ta1-trace-2
1557885471.549:1819618978,61DCA706-0947-7C3F-224D-ED7E4E20A943:sshd,READ,573E5010-1713-BD2C-2998-A48580BDA4D4,/etc/hosts,ta1-trace-2
1557885471.449:1819618291,7D34C2E7-B677-0F38-06AC-FE91432F8072:sshd,EXECUTE,61DCA706-0947-7C3F-224D-ED7E4E20A943,sshd,ta1-trace-2
1557885471.449:1819618270,DEF8FC47-7A9A-FBED-6B2A-08B2189BECCD:sshd,FORK,7D34C2E7-B677-0F38-06AC-FE91432F8072,sshd,ta1-trace-2
1557885383.356:1819437544,225A3DC0-8812-926E-3B18-1D2C3BA48A33:update-motd-fsc,EXECUTE,7E9EF197-E6B1-A2D4-0813-F02C8CF5A867,cat,ta1-trace-2
1557885383.356:1819437542,1A3B3C4E-DEEB-7CCC-6D55-90DAC1CA0DAC:update-motd-fsc,FORK,225A3DC0-8812-926E-3B18-1D2C3BA48A33,update-motd-fsc,ta1-trace-2
1557885383.352:1819437327,740BA1FF-96A2-74E3-759E-DF001BEA4D15:98-fsck-at-rebo,EXECUTE,1A3B3C4E-DEEB-7CCC-6D55-90DAC1CA0DAC,update-motd-fsc,ta1-trace-2
1557885383.352:1819437305,22BCEB62-1C3E-E816-A18D-C2BEB1D5F362:run-parts,EXECUTE,740BA1FF-96A2-74E3-759E-DF001BEA4D15,98-fsck-at-rebo,ta1-trace-2
1557885383.352:1819437285,8005CD00-CA65-80FB-0475-F8C38E15E550:run-parts,FORK,22BCEB62-1C3E-E816-A18D-C2BEB1D5F362,run-parts,ta1-trace-2
1557885383.348:1819437236,24365881-CD2A-69C0-D3C8-8DDC5B555AF1:update-motd-hwe,EXECUTE,449B8A20-97EB-B6B9-DD16-57B08FC31184,cat,ta1-trace-2
1557885383.348:1819437234,ADF7C113-AD69-CAC4-7C39-827509F625BC:update-motd-hwe,FORK,24365881-CD2A-69C0-D3C8-8DDC5B555AF1,update-motd-hwe,ta1-trace-2
1557885383.324:1819435853,C65D4CBC-5419-449A-B0DF-E3F2899F78CB:95-hwe-eol,EXECUTE,ADF7C113-AD69-CAC4-7C39-827509F625BC,update-motd-hwe,ta1-trace-2
1557885383.324:1819435832,5C73D737-1016-E60E-CE70-E7D346D967AA:run-parts,EXECUTE,C65D4CBC-5419-449A-B0DF-E3F2899F78CB,95-hwe-eol,ta1-trace-2
1557885383.324:1819435831,8005CD00-CA65-80FB-0475-F8C38E15E550:run-parts,FORK,5C73D737-1016-E60E-CE70-E7D346D967AA,run-parts,ta1-trace-2
1557885383.288:1819435133,F4A2E9F7-BFB8-B0A8-0321-1A69774118A2:update-motd-upd,EXECUTE,A835091A-A3E9-3AFB-359F-C5C39E91C364,cat,ta1-trace-2
1557885383.288:1819435131,4FA06665-3870-294F-34BC-1163C8C425E7:update-motd-upd,FORK,F4A2E9F7-BFB8-B0A8-0321-1A69774118A2,update-motd-upd,ta1-trace-2
1557885383.268:1819434061,EE87FDAF-FBA5-157C-3195-8D876574FB4A:90-updates-avai,EXECUTE,4FA06665-3870-294F-34BC-1163C8C425E7,update-motd-upd,ta1-trace-2
1557885383.268:1819434040,A6C5CFA2-B166-9C3C-0CE2-653306D3198D:run-parts,EXECUTE,EE87FDAF-FBA5-157C-3195-8D876574FB4A,90-updates-avai,ta1-trace-2
1557885383.268:1819434039,8005CD00-CA65-80FB-0475-F8C38E15E550:run-parts,FORK,A6C5CFA2-B166-9C3C-0CE2-653306D3198D,run-parts,ta1-trace-2
1557885383.100:1819425811,0FA3C304-7E8A-867A-4BEB-7E11E1887521:env,EXECUTE,8005CD00-CA65-80FB-0475-F8C38E15E550,run-parts,ta1-trace-2
1557885383.096:1819425787,F183C8E0-0849-4B0A-1802-DC91837874D6:sh,EXECUTE,0FA3C304-7E8A-867A-4BEB-7E11E1887521,env,ta1-trace-2
1557885383.096:1819425761,7A7679B3-EE1E-3387-E0BC-C18B888AFD39:sh,FORK,F183C8E0-0849-4B0A-1802-DC91837874D6,sh,ta1-trace-2
1557885383.096:1819425738,FCD00B0E-EB1B-EC75-8317-15A75BE8ECA1:sshd,EXECUTE,7A7679B3-EE1E-3387-E0BC-C18B888AFD39,sh,ta1-trace-2
1557885383.096:1819425694,D360C121-D06E-A0BB-85D0-A9D6A5A37A8D:sshd,FORK,FCD00B0E-EB1B-EC75-8317-15A75BE8ECA1,sshd,ta1-trace-2
1557885383.076:1819425241,EA152B00-4144-B17E-A17C-AC1B57ADCE49:sshd,CHANGE_PRINCIPAL,D360C121-D06E-A0BB-85D0-A9D6A5A37A8D,sshd,ta1-trace-2
1557885383.076:1819425240,624BD276-4278-DB7A-F26B-A5CF349EBBCF:sshd,CHANGE_PRINCIPAL,EA152B00-4144-B17E-A17C-AC1B57ADCE49,sshd,ta1-trace-2
1557885383.076:1819425239,EA152B00-4144-B17E-A17C-AC1B57ADCE49:sshd,CHANGE_PRINCIPAL,624BD276-4278-DB7A-F26B-A5CF349EBBCF,sshd,ta1-trace-2
1557885383.076:1819425238,D360C121-D06E-A0BB-85D0-A9D6A5A37A8D:sshd,CHANGE_PRINCIPAL,EA152B00-4144-B17E-A17C-AC1B57ADCE49,sshd,ta1-trace-2
1557885383.076:1819425182,D360C121-D06E-A0BB-85D0-A9D6A5A37A8D:sshd,MMAP,07E87BAE-732D-D58F-383B-111629036544,/etc/shadow,ta1-trace-2
1557885383.072:1819425154,D360C121-D06E-A0BB-85D0-A9D6A5A37A8D:sshd,MMAP,07E87BAE-732D-D58F-383B-111629036544,/etc/shadow,ta1-trace-2
1557885382.968:1819424725,D360C121-D06E-A0BB-85D0-A9D6A5A37A8D:sshd,READ,573E5010-1713-BD2C-2998-A48580BDA4D4,/etc/hosts,ta1-trace-2
1557885382.968:1819424724,D360C121-D06E-A0BB-85D0-A9D6A5A37A8D:sshd,READ,573E5010-1713-BD2C-2998-A48580BDA4D4,/etc/hosts,ta1-trace-2
1557885382.872:1819424097,0BE127E6-3D2B-9085-603A-8C1D29670F68:sshd,EXECUTE,D360C121-D06E-A0BB-85D0-A9D6A5A37A8D,sshd,ta1-trace-2
1557885382.872:1819424076,DEF8FC47-7A9A-FBED-6B2A-08B2189BECCD:sshd,FORK,0BE127E6-3D2B-9085-603A-8C1D29670F68,sshd,ta1-trace-2
1557885325.799:1819311253,DFBEFB6D-A406-BB91-F2A9-0FFAFFA4F57E:update-motd-fsc,EXECUTE,0729B268-5E41-5CE1-5122-96C72D03824B,cat,ta1-trace-2
1557885325.799:1819311246,754396C3-52BD-2723-2860-A6969187943F:update-motd-fsc,FORK,DFBEFB6D-A406-BB91-F2A9-0FFAFFA4F57E,update-motd-fsc,ta1-trace-2
1557885325.795:1819311017,9DAD00C2-B17C-DE15-A598-244E6D686523:98-fsck-at-rebo,EXECUTE,754396C3-52BD-2723-2860-A6969187943F,update-motd-fsc,ta1-trace-2
1557885325.795:1819310995,83BA7381-7968-3D40-6478-5345F1393299:run-parts,EXECUTE,9DAD00C2-B17C-DE15-A598-244E6D686523,98-fsck-at-rebo,ta1-trace-2
1557885325.795:1819310994,B29C31BA-2D7A-7BE6-38F9-A89772F826C7:run-parts,FORK,83BA7381-7968-3D40-6478-5345F1393299,run-parts,ta1-trace-2
1557885325.795:1819310945,67F4BCA5-912D-082A-4848-4933763562A0:update-motd-hwe,EXECUTE,7ED58C5E-D45B-C08A-67AD-05301F08A104,cat,ta1-trace-2
1557885325.795:1819310943,4A0F87D2-9132-8A61-9C74-ADBB0DA0F185:update-motd-hwe,FORK,67F4BCA5-912D-082A-4848-4933763562A0,update-motd-hwe,ta1-trace-2
1557885325.771:1819309562,F7B1E33D-A8DF-98A4-6D0C-C5A5289715DC:95-hwe-eol,EXECUTE,4A0F87D2-9132-8A61-9C74-ADBB0DA0F185,update-motd-hwe,ta1-trace-2
1557885325.771:1819309541,F18220BB-FD67-E24C-2A1F-978D3152B421:run-parts,EXECUTE,F7B1E33D-A8DF-98A4-6D0C-C5A5289715DC,95-hwe-eol,ta1-trace-2
1557885325.771:1819309540,B29C31BA-2D7A-7BE6-38F9-A89772F826C7:run-parts,FORK,F18220BB-FD67-E24C-2A1F-978D3152B421,run-parts,ta1-trace-2
1557885325.739:1819308861,CFEBE815-6FFC-A037-B04D-27E87B3BEA3C:update-motd-upd,EXECUTE,EED46104-5EAF-6CBE-0456-952CD0B5388C,cat,ta1-trace-2
1557885325.739:1819308859,116B7BFC-2B16-1364-A4DE-2AA2687EC603:update-motd-upd,FORK,CFEBE815-6FFC-A037-B04D-27E87B3BEA3C,update-motd-upd,ta1-trace-2
1557885325.723:1819307789,9284D4D3-3B94-8C58-19A9-C375ABBE2473:90-updates-avai,EXECUTE,116B7BFC-2B16-1364-A4DE-2AA2687EC603,update-motd-upd,ta1-trace-2
1557885325.723:1819307768,FBFD5587-C262-952A-FD88-7D2FB897A799:run-parts,EXECUTE,9284D4D3-3B94-8C58-19A9-C375ABBE2473,90-updates-avai,ta1-trace-2
1557885325.723:1819307767,B29C31BA-2D7A-7BE6-38F9-A89772F826C7:run-parts,FORK,FBFD5587-C262-952A-FD88-7D2FB897A799,run-parts,ta1-trace-2
1557885325.575:1819299654,62481D19-6D33-FC33-27D2-D3E9FD218C06:env,EXECUTE,B29C31BA-2D7A-7BE6-38F9-A89772F826C7,run-parts,ta1-trace-2
1557885325.575:1819299600,0F8CD95B-6425-EC10-20A6-4A32804EA3A4:sh,EXECUTE,62481D19-6D33-FC33-27D2-D3E9FD218C06,env,ta1-trace-2
1557885325.575:1819299599,40C7F246-1419-1E38-E274-4719883CD5F0:sh,FORK,0F8CD95B-6425-EC10-20A6-4A32804EA3A4,sh,ta1-trace-2
1557885325.575:1819299545,430B0F7B-2647-933D-9CB0-4752992CCF45:sshd,EXECUTE,40C7F246-1419-1E38-E274-4719883CD5F0,sh,ta1-trace-2
1557885325.575:1819299509,7F11F75A-CCD2-9C21-9846-2D4DC68F39D8:sshd,FORK,430B0F7B-2647-933D-9CB0-4752992CCF45,sshd,ta1-trace-2
1557885325.547:1819299244,F28A5F63-15C9-A224-473B-F3EA8136D9D0:sshd,CHANGE_PRINCIPAL,7F11F75A-CCD2-9C21-9846-2D4DC68F39D8,sshd,ta1-trace-2
1557885325.547:1819299243,59435B60-D1EC-FC02-1856-1AA41DD1789B:sshd,CHANGE_PRINCIPAL,F28A5F63-15C9-A224-473B-F3EA8136D9D0,sshd,ta1-trace-2
1557885325.547:1819299242,F28A5F63-15C9-A224-473B-F3EA8136D9D0:sshd,CHANGE_PRINCIPAL,59435B60-D1EC-FC02-1856-1AA41DD1789B,sshd,ta1-trace-2
1557885325.547:1819299241,7F11F75A-CCD2-9C21-9846-2D4DC68F39D8:sshd,CHANGE_PRINCIPAL,F28A5F63-15C9-A224-473B-F3EA8136D9D0,sshd,ta1-trace-2
1557885325.543:1819299185,7F11F75A-CCD2-9C21-9846-2D4DC68F39D8:sshd,MMAP,07E87BAE-732D-D58F-383B-111629036544,/etc/shadow,ta1-trace-2
1557885325.535:1819299138,7F11F75A-CCD2-9C21-9846-2D4DC68F39D8:sshd,MMAP,07E87BAE-732D-D58F-383B-111629036544,/etc/shadow,ta1-trace-2
1557885325.431:1819298712,7F11F75A-CCD2-9C21-9846-2D4DC68F39D8:sshd,READ,573E5010-1713-BD2C-2998-A48580BDA4D4,/etc/hosts,ta1-trace-2
1557885325.431:1819298711,7F11F75A-CCD2-9C21-9846-2D4DC68F39D8:sshd,READ,573E5010-1713-BD2C-2998-A48580BDA4D4,/etc/hosts,ta1-trace-2
1557885325.355:1819298122,4DB7F299-523B-367D-3C8C-9CCD4B8868F4:sshd,EXECUTE,7F11F75A-CCD2-9C21-9846-2D4DC68F39D8,sshd,ta1-trace-2
1557885325.355:1819298101,DEF8FC47-7A9A-FBED-6B2A-08B2189BECCD:sshd,FORK,4DB7F299-523B-367D-3C8C-9CCD4B8868F4,sshd,ta1-trace-2
